wallet,total_tx,deposit_count,borrow_count,repay_count,redeem_count,liquidation_count,repay_borrow_ratio,liquidation_ratio,total_deposit_usd,total_borrow_usd,total_repay_usd,score
0x00000000001accfa9cef68cf5371a23025b6d4b6,1,1,0,0,0,0,0.0,0.0,1987.6636548592714,0.0,0.0,502
0x000000000051d07a4fb3bd10121a343d85818da6,1,1,0,0,0,0,0.0,0.0,285694480361492.7,0.0,0.0,502
0x000000000096026fb41fc39f9875d164bd82e2dc,2,2,0,0,0,0,0.0,0.0,5152310624.158186,0.0,0.0,504
0x0000000000e189dd664b9ab08a33c4839953852c,17,0,0,0,17,0,0.0,0.0,0.0,0.0,0.0,500
0x0000000002032370b971dabd36d72f3e5a7bf1ee,399,250,15,4,130,0,0.26666666666666666,0.0,2.0657733084285222e+17,6.029762086214079e+16,70150.26379074076,1000
0x000000000a38444e0a6e37d3b630d7e855a7cb13,25,7,8,5,5,0,0.625,0.0,1.8390665686010516e+16,11631.431210321323,11640.280239622172,707
0x000000003853fcedcd0355fec98ca3192833f00b,8,8,0,0,0,0,0.0,0.0,76376315604.972,0.0,0.0,516
0x000000003ce0cf2c037493b1dc087204bd7f713e,492,309,30,16,137,0,0.5333333333333333,0.0,4.585861982762908e+17,1.324157609026383e+17,339812873060944.6,1000
0x000000007858e6f2668e1e06111cfa24403a5466,1,1,0,0,0,0,0.0,0.0,142160666481.45407,0.0,0.0,502
0x00000001a0f57e850c9db68b4a9bc34677437c5c,1,1,0,0,0,0,0.0,0.0,1.7666525037857388,0.0,0.0,502
0x0000000506063a51c6ce59906d8c40f7d7fe92a7,69,26,24,9,10,0,0.375,0.0,7.999916941682948e+17,5.975019617796154e+17,5.975686798284461e+17,1000
0x00000029ff545c86524ade7caf132527707948c4,47,12,12,12,11,0,1.0,0.0,3.254660503465467e+18,1.7595125948094141e+18,1.7435939341859735e+18,1000
0x00000087c4cebffb95746d1935de7fbcab092f40,250,86,62,45,57,0,0.7258064516129032,0.0,2.216919941662641e+16,2.316420103419422e+16,1199151322612232.8,1000
0x000000e28faa823d5b53ff6c2922c28335840375,297,107,66,63,61,0,0.9545454545454546,0.0,3.134059613762208e+18,2.559678839221803e+18,1.8523440568145649e+18,1000
0x000006eee6e39015cb523aebdd4d0b1855aba682,28,11,4,1,9,3,0.25,0.10714285714285714,4.284915292921578e+16,2.300705925998673e+16,2.3151274780815508e+16,1000
0x00000a9c78912badb92d73b6ed26456e11def5eb,1,1,0,0,0,0,0.0,0.0,1.6927543127773312,0.0,0.0,502
0x00001bc47f0973f794f79c16121cee879e272d6a,4,0,0,0,4,0,0.0,0.0,0.0,0.0,0.0,500
0x00002b503a75998c97508916a74fdb41934fa030,147,27,47,45,28,0,0.9574468085106383,0.0,2.2937294172388547e+18,6.178981819947749e+17,4.271477856461843e+17,1000
0x0000897253cc85f7547317eb2080b36b3255687a,2,1,0,0,1,0,0.0,0.0,466185762066389.7,0.0,0.0,502
0x0000b252c943089fbba5554a1d196ef79bc77e4f,1,1,0,0,0,0,0.0,0.0,1.116218296466259,0.0,0.0,502
0x0000ce08fa224696a819877070bf378e8b131acf,14,3,1,0,10,0,0.0,0.0,1967476047132.329,1257932658028035.8,0.0,506
0x00010a708585ba4812a1c5976182626c75cb7a6b,29,9,6,7,7,0,1.1666666666666667,0.0,1143529118181716.0,302687401622063.75,302362674359930.25,1000
0x00016fc0c9f7620e920e1423fd455f9574f48025,2,2,0,0,0,0,0.0,0.0,3145759276004.6475,0.0,0.0,504
0x0002761e848b24046a53d494847b11a3e1d36b09,1,1,0,0,0,0,0.0,0.0,1002262174437.4796,0.0,0.0,502
0x00027e45436f11ec8549b7d5e0b86748ee61c13d,2,2,0,0,0,0,0.0,0.0,1.0112506095471125,0.0,0.0,504
0x0003816b25fd3d6c112eb65c089760fa3f791947,4,1,1,1,1,0,1.0,0.0,7122699059900505.0,2946593000000001.5,2946950500000006.0,1000
0x0003bbb966655dc0fbbb380797b07fc547e9ddc5,37,12,5,0,20,0,0.0,0.0,33171007704367.74,917.4028183810866,0.0,524
0x0003d4fb942d0cad7fa1b658ad6d46ef6c15f11b,2,1,0,0,1,0,0.0,0.0,1049.4935366497111,0.0,0.0,502
0x0003f46779806fe779e7f30eec95dbdb4d45840b,24,8,6,5,5,0,0.8333333333333334,0.0,2186.046136065428,2095.927039250547,1474.2672201061496,629
0x0004849537dab5c33fc8c494d05313dfbe2d99f3,10,2,3,1,4,0,0.3333333333333333,0.0,994.0621402142455,505.6751402199634,543.4854055313201,545
0x0004a89403e17f544bfbd25ecb1a7d9215a1d61b,2,1,1,0,0,0,0.0,0.0,2741759361949002.5,518.3127324254524,0.0,502
0x0004d4112ee696dabc22b221bef156ecdaeb1a59,6,2,1,1,2,0,1.0,0.0,35395717480350.125,22653259187424.08,22653259187424.08,1000
0x0005696d4be2359526c497fe4a4c0620b41f2426,7,1,1,1,4,0,1.0,0.0,735687320698561.5,593.7611376147482,592.9530021211905,610
0x000660cad76200a2e326f53e033919905e6c50f5,1,1,0,0,0,0,0.0,0.0,1.06485257555633,0.0,0.0,502
0x00069a4bf1b2a8d5eded8e91347dbaa70796ff54,1,1,0,0,0,0,0.0,0.0,1153676531039.4421,0.0,0.0,502
0x00080000158a9930aeb508823103b0a977161c47,2,2,0,0,0,0,0.0,0.0,2617513598912.1426,0.0,0.0,504
0x00099b1263c22ae2ce0a52624cef2a012e751970,2,2,0,0,0,0,0.0,0.0,1058147343307.2289,0.0,0.0,504
0x0009ce45d5df78e632a0b4987079432dfba2253a,1,1,0,0,0,0,0.0,0.0,32446847156.000053,0.0,0.0,502
0x000a27ba176083e4b50177378cbe7469a00dd557,12,4,2,2,4,0,1.0,0.0,277.8849972393591,160.3863100380374,160.22581757470164,615
0x000a3d1bef684a7c029267a26068de56b1c1b4dc,43,18,8,5,12,0,0.625,0.0,1.9326639090544464e+16,73564641652974.1,13381.494379508398,747
0x000ab43e658935ba39504a1424b01756c1e9644c,2,1,1,0,0,0,0.0,0.0,113652379383.43968,11365237938.343967,0.0,502
0x000bc61d0a2dfee19346ad4d1fce2fa3c099e0cb,77,49,0,0,28,0,0.0,0.0,273511544478460.47,0.0,0.0,598
0x000c8e2871750f458bf1de8ab528dda09bc95db6,4,1,1,1,1,0,1.0,0.0,5480588573862458.0,2366767191230522.0,2366767191230522.0,1000
0x000cdb5d7a2cda2947603f2993f05db57e3197dc,71,20,20,17,14,0,0.85,0.0,187610630403321.75,963.8765146793129,933.0977900335208,685
0x000cef8f0ab0a2fadbecaeb92e8781ab3e04b01e,6,4,1,1,0,0,1.0,0.0,282105637602505.3,40.10267633402084,40.31433339845019,611
0x000d0ccd6b0e27ce38018b1304ef4f2cd345b636,1,1,0,0,0,0,0.0,0.0,1218108806.2153707,0.0,0.0,502
0x000dd5baf04ffe492508f5f45ac3d9374b193f57,1,1,0,0,0,0,0.0,0.0,139205585052.03293,0.0,0.0,502
0x000deb0c92e6d3da7f77ed01b8473b3f7f4efc39,8,1,3,2,2,0,0.6666666666666666,0.0,760406186165331.4,886.7244790708098,503.6501564107848,579
0x000df66a4ac5991f672ae2db1e8fc38f1e7d46d9,8,6,0,0,2,0,0.0,0.0,7053997334319022.0,0.0,0.0,512
0x000e840a3122ec28d0c29321db172375cb049762,10,5,2,2,1,0,1.0,0.0,700190083689281.1,216.8257036891647,217.3913973215126,618
0x000e9bd1d42999446d60ff60f1fb3afb13604202,22,8,6,4,4,0,0.6666666666666666,0.0,66654123810212.97,34.630956155900854,35.37800801727156,595
0x000eab293e332bd6e67018a9150e8807bfac3233,1,1,0,0,0,0,0.0,0.0,1097254760600.487,0.0,0.0,502
0x000f3b3cba440b4bd611d2ac4b6271400fb1e4e1,2,1,0,0,1,0,0.0,0.0,102377389231888.69,0.0,0.0,502
0x000f4432a40560bbff1b581a8b7aded8dab80026,25,7,6,3,9,0,0.5,0.0,3.1488764002887656e+16,17603.97911970302,17566.377247476397,748
0x000f7f22bfc28d940d4b68e13213ab17cf107790,73,26,19,13,15,0,0.6842105263157895,0.0,4.094270498824154e+19,3.443628028011006e+19,3.433472565069429e+19,1000
0x000f908720f9ce164d90f4fc89459fab4442907f,96,32,30,17,17,0,0.5666666666666667,0.0,1533514206332143.8,796443100395630.5,792775870146905.4,1000
0x000fbfec300959d0f2f327728a889c1f5de8e2df,8,3,1,1,3,0,1.0,0.0,591428253568978.1,140010630600290.3,139700011487765.86,1000
0x0011730224657eb527cf736039854c3a3f140e63,4,1,1,1,1,0,1.0,0.0,1507324205025001.8,738025356182590.2,738025356182590.2,1000
0x00120ea6fdbaf057eadc1bd149f957488444e92c,4,2,1,1,0,0,1.0,0.0,261125891711734.0,2.602967788219515,2.6163774015531507,607
0x0012668072f7e0579caf7e047713d8b6d476d0db,2,2,0,0,0,0,0.0,0.0,2296181487521.5225,0.0,0.0,504
0x00129c4ce6be31b273de64c65ff3fcdd4706a002,231,101,24,93,11,2,3.875,0.008658008658008658,1.838633810321085e+16,4965173744632386.0,935131957295062.5,1000
0x0012a7f00af8a643ba5a6aa187f915b4c13289df,1,0,0,0,1,0,0.0,0.0,0.0,0.0,0.0,500
0x00130437654e7e86cbbeeaf34f4771df6a1fb45c,1,1,0,0,0,0,0.0,0.0,204240431458.08832,0.0,0.0,502
0x00133f29e7d424f4e5773532b3fc35d020e9c54e,2,2,0,0,0,0,0.0,0.0,2.4353377818598245,0.0,0.0,504
0x0014dfac19477a83d7354e6eaac28642c1959398,36,10,6,9,11,0,1.5,0.0,8.672151626282626e+16,18149.001627910842,18188.824774686098,878
0x001589fe1923c2118f34e4277f2ef650fcbf0161,30,19,2,0,9,0,0.0,0.0,3758467113608675.0,1419946916528212.8,0.0,538
0x00159370cbe576b765a7fb2e78582e0cb563d445,19,10,7,0,2,0,0.0,0.0,2451090777406979.5,2348736820286721.5,0.0,520
0x0015b3f0266cd7b1f4105cf8180d37e7bd0ccead,2,1,0,0,1,0,0.0,0.0,14.143677216766179,0.0,0.0,502
0x0016469a65facda9e86fd0ae0e9661128843c224,2,1,1,0,0,0,0.0,0.0,20668510838.36642,4676133673.838556,0.0,502
0x0016dcd1d3c93067dce5bb30dc33258f36d33308,1,1,0,0,0,0,0.0,0.0,202456720023.76752,0.0,0.0,502
0x00183135585d70a523d61b2e43037a7138b36906,54,15,13,10,16,0,0.7692307692307693,0.0,1662229387057669.5,3849790053752160.5,1709073425633666.2,1000
0x00184e8aa1e95f491f2d9601e12b540092160ded,4,1,1,1,1,0,1.0,0.0,102305711108000.08,24984797105800.02,24984797105800.02,1000
0x0018583d7654803d2c59467e10dec5f70bbe1851,72,72,0,0,0,0,0.0,0.0,260583128.6238108,0.0,0.0,644
0x001875a076b3cfe1c9535d76b0345c16e3d61118,2,2,0,0,0,0,0.0,0.0,2.259609878203448,0.0,0.0,504
0x0018d044b946ede86b43bb3b964a45772a5abeb9,22,9,2,2,9,0,1.0,0.0,2.8720331146862184e+16,1.1215514727063227,1.121345368530205,624
0x0019971fb18fbfc9108d90eb2cdd4d5a0a897eee,5,0,1,2,2,0,2.0,0.0,0.0,79.00412443596895,158.72329212505053,707
0x0019bd9f6142943f3a03a8a62d0001a95213f555,1,1,0,0,0,0,0.0,0.0,126608392264.04059,0.0,0.0,502
0x001b024b98ee862aa01eea595c4c16a0213d2611,2,1,1,0,0,0,0.0,0.0,901292526286305.1,498.74059439622636,0.0,502
0x001bc3cfc3eed892dd6de07807333f2b05c5b4e9,32,10,6,7,9,0,1.1666666666666667,0.0,46710787684152.516,234.87821429900868,235.2622310010467,660
0x001bc97d92e1a30b02d4e75be25f06063555d556,45,12,10,9,14,0,0.9,0.0,1.1472342231228867e+17,54445.837409092936,54503.63129933802,1000
0x001be549fa377710b9e59d57bbdf593ce1e379ca,2,2,0,0,0,0,0.0,0.0,1586084926828.2158,0.0,0.0,504
0x001c88d92d199c9eb936ed3d6758da7c48e4d08e,2,2,0,0,0,0,0.0,0.0,1812428653548.6912,0.0,0.0,504
0x001d2a3192a49e28cac0a7abcaa916648c62b982,1,1,0,0,0,0,0.0,0.0,1565990185332.6885,0.0,0.0,502
0x001d4aa3f14b6e0019e5615e9c8eb50659061220,1,1,0,0,0,0,0.0,0.0,1.1337851305503868,0.0,0.0,502
0x001f96b7e19a54ae45f451b0148336504d03fdcf,1,1,0,0,0,0,0.0,0.0,566.6408226639782,0.0,0.0,502
0x001fbfc5e2b56d372d642f5f1b52b5cde4584779,6,5,0,0,1,0,0.0,0.0,1196303231679944.5,0.0,0.0,510
0x00202f8f6bb6f100241ce0726922f2bd4c7196ee,1,1,0,0,0,0,0.0,0.0,0.02360514637371101,0.0,0.0,502
0x0020c5222a24e4a96b720c06b803fb8d34adc0af,1,0,0,0,1,0,0.0,0.0,0.0,0.0,0.0,500
0x0021be1d33a577bf5ede730a6b5d5d9f878ba7e4,2,2,0,0,0,0,0.0,0.0,1157956333789.6023,0.0,0.0,504
0x00222d56e0509a5e9ab05c588c548290a5e9f876,1,1,0,0,0,0,0.0,0.0,1105702376236.7202,0.0,0.0,502
0x002379916ac42a432f3b53f16782d33267debb4c,1,1,0,0,0,0,0.0,0.0,1188650795292.2615,0.0,0.0,502
0x0023aa0d5d1675d6ccbe0aff5d6afdd0bc61d2be,2,2,0,0,0,0,0.0,0.0,2.259609878203448,0.0,0.0,504
0x0023d9ffe7d793895c5da5833d56c737832ead2b,2,2,0,0,0,0,0.0,0.0,15.189578905507386,0.0,0.0,504
0x0023e0f24acc95e838f76f81ab3d69e40b9b1933,1,1,0,0,0,0,0.0,0.0,5.129981410556754,0.0,0.0,502
0x0023f4cbb5d47ef377af97fc5c7399b62e31e0ff,2,2,0,0,0,0,0.0,0.0,3103305498262.0957,0.0,0.0,504
0x0024461e7a8ce7157866eaa4c24b702d328250ce,1,0,0,0,1,0,0.0,0.0,0.0,0.0,0.0,500
0x0024511a019f836ddd88902bb516b4f0b3a2dcf9,1,1,0,0,0,0,0.0,0.0,26044090290.244564,0.0,0.0,502
0x00246f7813397868b1beec56e1677efa47816dae,44,30,9,2,3,0,0.2222222222222222,0.0,7.438978731874705e+18,5.81629944346321e+18,5.472177717614791e+18,1000
0x0025a856d01a898bd52286d56c52323b13937b65,1,1,0,0,0,0,0.0,0.0,142202497421.8183,0.0,0.0,502
0x00261d225db379b3fc74cd0228d6f90582d39035,2,1,1,0,0,0,0.0,0.0,32239917783.138004,4713438272.3885975,0.0,502
0x00262ffcfda82b5582d1905ca05b849f196b0419,10,4,3,1,2,0,0.3333333333333333,0.0,101.41967361600112,57.24285810787879,56.95340624693983,544
0x0026bc865efa2fb74d18c3be5a77c780756e50e6,1,1,0,0,0,0,0.0,0.0,162091424281.99927,0.0,0.0,502
0x002729e3173b9fc6abcf03eb2d754b0e2ae4edbd,1,1,0,0,0,0,0.0,0.0,1.8629892980475518,0.0,0.0,502
0x002761f50e9c9e98e4ca367ef215f3643eec9dd9,1,1,0,0,0,0,0.0,0.0,204590866403.1135,0.0,0.0,502
0x002775390698ef16589bb22bba37ae7906ae2f36,30,17,7,5,1,0,0.7142857142857143,0.0,81790043756761.56,68522936271816.08,3386308266868.1675,1000
0x0027c6cd01364a3c5d29f72269b36dfe85628193,1,1,0,0,0,0,0.0,0.0,1.8864509259060724,0.0,0.0,502
0x0027f7335d610f15b325baa5798414548720fcaa,13,6,2,2,3,0,1.0,0.0,646588504693710.6,1568.6763662421108,1571.6110933811847,633
0x00283b611db7844cb5677b311afd67c8e3078518,1,1,0,0,0,0,0.0,0.0,7.20152067392015,0.0,0.0,502
0x00296e3cb10f1ddf6be160aa9722d7a288957b66,1,1,0,0,0,0,0.0,0.0,37375320100.34612,0.0,0.0,502
0x0029ab135b5be72168bf80f140d60a9264dbd0c5,2,2,0,0,0,0,0.0,0.0,2123490954986.433,0.0,0.0,504
0x002a63fb3bb81ccc222e2d8192eb95a5767a2151,1,1,0,0,0,0,0.0,0.0,1.1058755718750974,0.0,0.0,502
0x002aea16059a7d4bef638a03b61a9e80ef07e745,41,12,10,5,14,0,0.5,0.0,2085940883981687.2,962299598210510.1,583822.8517532286,1000
0x002bb13a55bf4525f02717708dd4534ecc475193,2,2,0,0,0,0,0.0,0.0,3.1415513028579416,0.0,0.0,504
0x002c77a71d54e6da4b28690fe1676752a74a67eb,1,1,0,0,0,0,0.0,0.0,1.1597473478486582,0.0,0.0,502
0x002cd2707daccbd5f3f192a565fca0a2cea021a6,5,2,1,1,1,0,1.0,0.0,354758737505.12683,2.7225309172016465,2.7225309172016465,607
0x002d2715b179d0db3e17cc28317a98f2f65e6884,253,98,64,38,53,0,0.59375,0.0,1.7170246815323562e+17,3.1579052641518684e+16,1.3121661889422504e+16,1000
0x002d59b6a7b3483c8c1ef38c90cbe7790aeaea50,1,1,0,0,0,0,0.0,0.0,1058311089277.2931,0.0,0.0,502
0x002dcc4d0ad0bdce1c444ad0bb4d51ac7e61d62b,29,5,5,16,3,0,3.2,0.0,7541229326265332.0,4507.462083128547,1386.1038316551258,891
0x002de04d579930686698abab5f48bda0b24fb9fc,85,32,13,15,25,0,1.1538461538461537,0.0,4.5576112373074456e+16,43067.64650300531,43774.10099962049,1000
0x002e5e69ae7c8999834ee24aeb5c26ad05433820,4,1,1,1,1,0,1.0,0.0,8185806955103061.0,2495533267242660.5,2495533267242660.5,1000
0x002e7ea05d6721a04cd36ab5e9f2c72338d7f7f3,6,1,0,0,5,0,0.0,0.0,15.030517322502183,0.0,0.0,502
0x002eba74e10ff40a1bc1cfa2b9684f9e28f8dea7,1,1,0,0,0,0,0.0,0.0,0.012361424916557983,0.0,0.0,502
0x002f93d5a1ca66a2a64b490bd0a0291c1a1c02b6,108,61,26,12,9,0,0.46153846153846156,0.0,7103870377338908.0,144771635867722.72,2528.028174943289,729
0x0030040e8d836ac3e546c354f9b373e70a14deeb,2,0,0,0,2,0,0.0,0.0,0.0,0.0,0.0,500
0x00301da1d3b20fd6b8451a791a8b1a5e20599fb8,58,35,23,0,0,0,0.0,0.0,1.6297731895335116e+16,4916033571209255.0,0.0,570
0x00305f0dc87d6bf12ac07e37ac0d2336d5906b93,1,1,0,0,0,0,0.0,0.0,1815047297099.417,0.0,0.0,502
0x003064605a8677d5b2e8def620ac67d8f1f1b5ed,3,1,0,0,2,0,0.0,0.0,196.7159780669421,0.0,0.0,502
0x003094a91a3b5523bc601b221f80183bd347e9ae,2,2,0,0,0,0,0.0,0.0,2.259609878203448,0.0,0.0,504
0x0030a2c2268c9faafeae8ea22802db8b3c87f82c,1,1,0,0,0,0,0.0,0.0,47687924494.83424,0.0,0.0,502
0x0030d58fd7c5af92c6e9bbf4d06255b6a9d1490a,67,37,11,11,8,0,1.0,0.0,9.476929623780605e+16,5.475406080928501e+16,5.383964951151901e+16,1000
0x0030de8f624d2b2513c6dbbff788bb109b80304d,1,1,0,0,0,0,0.0,0.0,1003158605461.1735,0.0,0.0,502
0x0030e3b40e23f92bd064457fd1fb848482a0bde5,2,2,0,0,0,0,0.0,0.0,9008727.638327204,0.0,0.0,504
0x0030ee334630838ea4dee0b4b6ecbc973529031f,16,8,7,1,0,0,0.14285714285714285,0.0,3999417260580613.5,765181863758253.6,1816.91479412184,551
0x0031fc2cc920357b9767ab93200c5bf69c43e8e7,1,1,0,0,0,0,0.0,0.0,1051909375190.0908,0.0,0.0,502
0x00326e37cef76788f6b0cf643c94481d60bd3d58,2,2,0,0,0,0,0.0,0.0,26554821136395.52,0.0,0.0,504
0x00329e92ed6fd0a0ef76da9c476d51faeb6b26a0,523,179,154,148,42,0,0.961038961038961,0.0,3.1917765744208855e+18,5.32312922109934e+18,1.05550850718239e+18,1000
0x003325d3054cd7668fb16f19ea11bae6d02a474c,5,0,0,0,5,0,0.0,0.0,0.0,0.0,0.0,500
0x0034baeeb160a5f1032b6d124d3e87cc94d74e62,162,59,45,21,37,0,0.4666666666666667,0.0,6.056302461641714e+19,3.5059576652626907e+19,3.5021753381240435e+19,1000
0x0034d2a08772822866b08d2c585e5c8e25723760,1,1,0,0,0,0,0.0,0.0,648774022183481.5,0.0,0.0,502
0x0034daf2e65f6ef82bc6f893dbbfd7c232a0e59c,5,0,0,0,5,0,0.0,0.0,0.0,0.0,0.0,500
0x0035e2e614e53a5ebf5a518dede926a7fcec4f91,26,14,8,2,2,0,0.25,0.0,2563293013287098.0,558877618717347.4,914.9663936533418,568
0x0036472d3ca5e7ab22477d62682b2a3d9436d328,1,1,0,0,0,0,0.0,0.0,10238696481329.51,0.0,0.0,502
0x0036534c48a754163f0f446601f36bcfda840f57,27,7,8,7,5,0,0.875,0.0,2736446545362116.5,161727752405438.12,149271603816964.44,1000
0x00368bb9dba2ee83f3553feae59710b9c3743e09,11,9,1,0,1,0,0.0,0.0,2664374365870701.0,788567236346894.1,0.0,518
0x0036a2f1f6136bb9d7992f7def692126a279e702,1,1,0,0,0,0,0.0,0.0,1014717431814.5306,0.0,0.0,502
0x0036a3f98bc84afb07fe42421f5a14cfe3c33219,43,9,14,14,6,0,1.0,0.0,3252077668192559.0,2412894443761522.5,1406598403450859.8,1000
0x0036bc671c03460dec7d0ab24f45df0cf33d042b,12,4,2,2,4,0,1.0,0.0,1405622698906991.5,428562340208470.5,447136694985124.44,1000
0x0037643e4ec2b622270676e9e7aa163b261cfb79,1,1,0,0,0,0,0.0,0.0,1.8382403652310029,0.0,0.0,502
0x0037aca1c1c45787a95c11dfaabed6308dc2ff80,9,3,0,0,6,0,0.0,0.0,49782.8970573351,0.0,0.0,506
0x0037daf6fb154db55110ced85cb4ba9e1204ca17,28,7,13,0,7,1,0.0,0.03571428571428571,55655615174069.05,84007009788684.83,0.0,501
0x0038281701bf3f51fdbb18903c6e18776780a9a1,1,1,0,0,0,0,0.0,0.0,1.0939297118855962,0.0,0.0,502
0x00389de87cae34a6f89e13cc8225c4984add8b37,610,328,100,76,106,0,0.76,0.0,2.695443719853645e+18,1.6895565436388065e+18,1426082.1549210406,1000
0x0039e71541bdc798d062346bce94230bf519bb72,2,1,1,0,0,0,0.0,0.0,30783814783.927177,4735971505.219565,0.0,502
0x0039e762ecd8e8f074e93575dc395abfce4ef8b6,6,2,0,0,4,0,0.0,0.0,1.0017499799558686e+16,0.0,0.0,504
0x003a85c562730b196f7cba202a2515f2ff855736,177,131,22,12,12,0,0.5454545454545454,0.0,1.747129287432959e+18,5014426082412046.0,4970980528664495.0,1000
0x003a969ef82e876824b4131a1bbafbdb46a2ca90,13,4,5,4,0,0,0.8,0.0,2427943365150083.0,885.9066653037405,886.0212731966362,608
0x003ae57782ab0f390908f8d7a3a9680bcfc62ec0,2,2,0,0,0,0,0.0,0.0,2.0859259470726457,0.0,0.0,504
0x003ae6c26a2655eb54c1e53b03a266d97f3512e6,43,39,3,0,1,0,0.0,0.0,590444841083987.5,112418397982774.95,0.0,578
0x003b2816d976cebbf0cadec981ff59286b6d7f2f,4,2,0,0,2,0,0.0,0.0,141.96701719755856,0.0,0.0,504
0x003be39433bde975b12411fbc3025d49d813a84f,4,0,1,0,0,3,0.0,0.75,0.0,0.7321317130665956,0.0,335
0x003cb0842811db8d115e28f13048dd83db391dcb,1,1,0,0,0,0,0.0,0.0,1.622958931890345,0.0,0.0,502
0x003dc03b7d7fe265e1c1db88bb1c6b1e6bcd06a7,1,1,0,0,0,0,0.0,0.0,1456005976504.559,0.0,0.0,502
0x003e41b4f19f27ab2a07c19abe2d99ecb492ce62,6,0,1,3,2,0,3.0,0.0,0.0,1714.957348770349,3414.426915768484,843
0x003e9a119439ef34de3237034cee95675b01d5d4,31,6,9,8,8,0,0.8888888888888888,0.0,2.906098794132161e+16,17372.676884750294,14109.507427746397,765
0x003ed65a094ef804c934f2427b601e03113882ff,2,2,0,0,0,0,0.0,0.0,229407503.43754804,0.0,0.0,504
0x003edfecb016131dbd485c72f3b6f2e98a1429d9,144,59,50,16,19,0,0.32,0.0,842103773067356.4,342719725883200.3,1073.6614628823245,708
0x003f705c2e62e268891d8aa2724e32f2176dc963,1,1,0,0,0,0,0.0,0.0,15939348187759.633,0.0,0.0,502
0x00402e826833fbeb6f67072f3df3c8554a0b10e6,39,19,3,4,13,0,1.3333333333333333,0.0,4.700590933337324e+16,17043.969762901757,16966.99704855937,853
0x00405f7b768a9a6b81e8060a17f0550501acf6be,144,87,40,0,17,0,0.0,0.0,30301.68265732337,1.68797199342611e+16,0.0,674
0x0040932d4c252856709b24dc406244392d3df400,2,1,0,0,1,0,0.0,0.0,9.814599508936935,0.0,0.0,502
0x0040daac32d83c78546ae36da42a496b28ab09e1,6,6,0,0,0,0,0.0,0.0,2111760411662154.8,0.0,0.0,512
0x00418b8ea6c6e2d5676f651bf76a368adb845e91,1,1,0,0,0,0,0.0,0.0,1213755000000000.0,0.0,0.0,502
0x0041dac13d9365b4d695fb612950dc71884f8db1,154,43,34,55,22,0,1.6176470588235294,0.0,4758545251261543.0,1514632305444592.2,1175692336118230.8,1000
0x0043090d0a3338eb89914ea9af5c529e928a044c,2,1,0,0,1,0,0.0,0.0,9225.488219474806,0.0,0.0,502
0x0043260ff376a32f335de2091e8bd455d74ecef9,1,1,0,0,0,0,0.0,0.0,1.109778724889663,0.0,0.0,502
0x00432772ed25d4eb3c6eb26dc461239b35cf8760,1,1,0,0,0,0,0.0,0.0,1099059766620.9373,0.0,0.0,502
0x00432beb667c8908a74f35fef62882b502347e61,3,2,0,0,1,0,0.0,0.0,20.819294760129825,0.0,0.0,504
0x00433d27687ff685d3871395d7fedfd42b1c3529,30,29,0,0,1,0,0.0,0.0,175446465917870.3,0.0,0.0,558
0x0043f8113eb1257bc6314fe0434eec0d9bac3837,8,7,0,0,1,0,0.0,0.0,181179453624399.06,0.0,0.0,514
0x004403abb2246c48ac770e30e7b36e3b16e152a1,12,3,5,3,1,0,0.6,0.0,2171829735977998.2,2225.9267646151284,2225.9033657989125,597
0x00447d3b5f40e1bb71766b5ffc656f5391f6e9d8,2,1,0,0,1,0,0.0,0.0,1040.7485366961978,0.0,0.0,502
0x0044803a27c6c45babd3fb7affb80b3f913579d7,67,33,13,6,15,0,0.46153846153846156,0.0,675062680155899.5,30001199327341.543,30325875070990.46,1000
0x0044f0ab1281b2bc850bfa39123dec1e8e09001d,49,10,23,7,9,0,0.30434782608695654,0.0,4.536807964002796e+16,4855453847714868.0,99789641725519.14,1000
0x00452d3fd0e6bd68943b30af56a8df4eb7685387,6,1,1,1,3,0,1.0,0.0,447411938107698.56,224.88732795236206,223.23178740850756,607
0x004624a132094f106e977c369c8f2e1ebffb2ae1,1,1,0,0,0,0,0.0,0.0,1.1052893739993006,0.0,0.0,502
0x0046d10482bc3ae87fa4cb550e36706addf2304a,1,1,0,0,0,0,0.0,0.0,1.10967015429709,0.0,0.0,502
0x004815f49c32e9ef6341dc2d53411a59de5a2daa,1,1,0,0,0,0,0.0,0.0,127148762443627.1,0.0,0.0,502
0x00481898361901f3e49bfe3e40872d09e93c2c11,6,3,0,0,3,0,0.0,0.0,3.75399529743863e+17,0.0,0.0,506
0x0048e6fd005224e7e9f00058c630307f0710a84b,140,70,36,16,18,0,0.4444444444444444,0.0,3.949213915199886e+16,2.0753040701538904e+16,7560393327432128.0,1000
0x0049436d8c3da52d604cdc390e45026b2662d7f7,12,3,5,4,0,0,0.8,0.0,4.460365161466952e+16,1.7777798497189156e+16,1.2051003141357944e+16,1000
0x00495585ecf70ad7dd71797c2a22951ed92b9a24,30,17,2,3,8,0,1.5,0.0,407065073728453.1,60402877661616.7,57469692916894.8,1000
0x004965f85a3db4d5221189595141ecab247b115d,2,2,0,0,0,0,0.0,0.0,1342461269076.9463,0.0,0.0,504
0x0049d23daaafeaac69e336ffe9dcb9ca14dac781,91,27,20,18,26,0,0.9,0.0,3.4360823275372016e+16,2.501722426423522e+16,2.513054277775001e+16,1000
0x0049f39431ab794a381deca90fa7ab85e60e6ebb,1,1,0,0,0,0,0.0,0.0,195030546265.5019,0.0,0.0,502
0x004a61f49faeab28ac5cc72ed26a7114d134362e,1,1,0,0,0,0,0.0,0.0,1.0010319616910184,0.0,0.0,502
0x004af1171e5783d1223056a700e992b0eccf6191,1,1,0,0,0,0,0.0,0.0,54810936012301.06,0.0,0.0,502
0x004afb002e3fb33c833fc16b6b63103bbf97312d,13,5,3,2,2,1,0.6666666666666666,0.07692307692307693,1.9467509282512536e+16,5203076839647206.0,2768.6051954217714,589
0x004bac9f45af6848ffbdf0dec8f47023ccd7a138,4,2,2,0,0,0,0.0,0.0,469121300481.4076,295468367969.9928,0.0,504
0x004c572659319871be9d4ab337fb3df6237979d7,1,1,0,0,0,0,0.0,0.0,0.11649853815081415,0.0,0.0,502
0x004c5993adfd45da327f82ec7581a6ee736bf4cb,1,1,0,0,0,0,0.0,0.0,1021611737715.7301,0.0,0.0,502
0x004c788aecdcc8ae214519737576d67da3c7334a,1,1,0,0,0,0,0.0,0.0,1.0947474862942346,0.0,0.0,502
0x004ce54398cc569a622bf5a99ae857306243c8ec,88,48,14,9,17,0,0.6428571428571429,0.0,547372.9040032325,499506.950383013,501863.37217113253,1000
0x004d71c111862702272e6beccdaafb07c9b96c37,276,85,63,63,64,1,1.0,0.0036231884057971015,2.809517694987088e+18,2.8340921103123804e+18,2.8631333644000957e+18,1000
0x004f137c71b3003c7915bd6aa3a4f57e334a738e,5,0,0,0,5,0,0.0,0.0,0.0,0.0,0.0,500
0x004f9b61222bcb6214b7dcd87ebafa0ac2c74440,1,1,0,0,0,0,0.0,0.0,1.1027226706835471,0.0,0.0,502
0x0051337e53823325b9df640f8bac7c7a7dcc4b19,1,1,0,0,0,0,0.0,0.0,1.106222911532575,0.0,0.0,502
0x00515e4f8a5c52a526f48c3ea07238143e2c04fc,68,26,21,21,0,0,1.0,0.0,2309439182308292.5,255350786702766.56,248998967073384.03,1000
0x0051e6e6cde6392c01b4cf6b97d9f5c50ec9817c,42,8,6,18,10,0,3.0,0.0,67390102899154.62,290800019271584.5,580487088800839.6,1000
0x0051ed91501bdefede70975ec9459a0dd3c5657b,3,1,2,0,0,0,0.0,0.0,46332751589247.38,10098626311162.082,0.0,502
0x00520ddda78809f725ba3ac696fc8dbe9ccaef91,2,2,0,0,0,0,0.0,0.0,2052229020395.4912,0.0,0.0,504
0x00526e91ec022d8596bda04092071c1da6b5322e,7,2,2,2,1,0,1.0,0.0,312179762483489.44,49928942346445.36,47053112777476.0,1000
0x0052c9f2cc95f743412d6daaf3c93bcd1793479d,9,3,2,2,2,0,1.0,0.0,22250171499653.65,14195098598632.4,4441759861699.404,1000
0x0052d655d117dae79d897213af1d4393ab32c739,1,1,0,0,0,0,0.0,0.0,1.1061644097218593,0.0,0.0,502
0x005399ba80babd299512e9efb4e0e764f673405c,1,1,0,0,0,0,0.0,0.0,0.09736008065000015,0.0,0.0,502
0x0053b5daa6d4c2e3d16f2b9c10dc04e92b14a818,57,14,15,10,18,0,0.6666666666666666,0.0,7.809925118696765e+16,9294190131527658.0,1300509.4838877372,1000
0x00548bf85d26850ad7ad55ca90ba02572349f648,2,1,1,0,0,0,0.0,0.0,111918143764.73717,11191814376.473717,0.0,502
0x0054b73e9add0a26ca2a81635c6ec0a0eb75b77f,1,1,0,0,0,0,0.0,0.0,182674603511.3459,0.0,0.0,502
0x00552481817c28f473f4cc61538db6536015d906,2,2,0,0,0,0,0.0,0.0,2.259609878203448,0.0,0.0,504
0x00553b963de06016c68681c9bee10a79c51c5d8a,2,2,0,0,0,0,0.0,0.0,24973743027014.723,0.0,0.0,504
0x005547e9fa569b6835204402138146861e901b06,1,1,0,0,0,0,0.0,0.0,1313533907710.2605,0.0,0.0,502
0x00560340190b7e9a1027fb5e72858a8298588303,1,1,0,0,0,0,0.0,0.0,54.88914423064468,0.0,0.0,502
0x00561a0d394a2cad87c811615f72b61cb0ed3faa,6,2,1,2,1,0,2.0,0.0,6362956131558644.0,1246.0898052062437,1259.2291274056738,722
0x0056323f02bb16de8025a79ab09e1dd5c8114602,1,0,0,0,1,0,0.0,0.0,0.0,0.0,0.0,500
0x005661a7a441451fafdccd579905a7dbc79fd538,61,11,19,19,12,0,1.0,0.0,6053270179917.821,7877408726534.5625,1495844649865.8267,1000
0x0056bcfe33f5c6dfa62b6d3d3cf5a957429828bb,4,2,0,0,2,0,0.0,0.0,1.1542152505069714e+16,0.0,0.0,504
0x0056d1fd2ca3c0f3a7b6ed6cdd1f1f104b4bf9a9,17,6,2,3,6,0,1.5,0.0,1.971321130279245e+16,1.1937567909956216e+16,4839319938566662.0,1000
0x005711ac01b67981d6b627c09470cce29dbd3353,4,1,1,1,1,0,1.0,0.0,6669546435377709.0,2835204000000003.5,2835204000000003.5,1000
0x0057abf4b6b95cd42cb8c197e78b934d45679432,2,2,0,0,0,0,0.0,0.0,1.1889436075802438,0.0,0.0,504
0x0057aef39caf4085bf3f91661eb2e6e6f513244f,2,2,0,0,0,0,0.0,0.0,1.0607839760615045,0.0,0.0,504
0x0057b22d4385adfbc48a6581b141e04acdaf7768,4,3,0,0,1,0,0.0,0.0,669.0790429664232,0.0,0.0,506
0x0057bd83a142da84b6404616c683e21e7dd6fa5f,45,20,3,19,3,0,6.333333333333333,0.0,338891416727318.9,467933933956720.9,405.1630320568975,1000
0x0057bf0e2082921a880500ab18e716c46c54216e,1,1,0,0,0,0,0.0,0.0,1.0889882501742003,0.0,0.0,502
0x0057dbd2cb881113aa7b55e4ce62af8234519e01,14,4,4,2,4,0,0.5,0.0,1777321583426249.5,312328985377465.2,313311378650194.3,1000
0x00581eb036db4a48fbaa59ec7745e316bbd1cc76,1,0,0,0,1,0,0.0,0.0,0.0,0.0,0.0,500
0x0058873fc9eeb9906ae1135de4f84a9ef1bfba62,1,1,0,0,0,0,0.0,0.0,0.0121372045319001,0.0,0.0,502
0x0059221c8444995878e9a82b0b2d732fb3da913e,7,1,0,0,6,0,0.0,0.0,100.12757351828077,0.0,0.0,502
0x005a61772557bef9a3e65a7b87eaccce34f2700e,3,3,0,0,0,0,0.0,0.0,1.2649659591543,0.0,0.0,506
0x005a75e089206f1c5b788a16a5dd54cbf6dd5b9a,2,2,0,0,0,0,0.0,0.0,359209368426616.25,0.0,0.0,504
0x005a945c426fe1f2eb3c4b04585a2427f7a032a8,15,9,3,0,3,0,0.0,0.0,8547801615569252.0,728332157784757.5,0.0,518
0x005ab5979532d34dc60a4582597464df0b5a7c87,32,11,11,7,3,0,0.6363636363636364,0.0,1734767775636133.5,1337.6937500645327,1340.231427631268,620
0x005ab79a1b5982604cdc066565499d90c550e001,1,1,0,0,0,0,0.0,0.0,9.871627828198309e-05,0.0,0.0,502
0x005ae07a1782019253917d76334a0579ac3a9b64,30,18,4,1,7,0,0.25,0.0,4.160943247564216e+16,7011.884333508068,7031.893635476789,634
0x005b0743d8b2ed646499dc48b64b95e71b8afa43,7,3,1,1,2,0,1.0,0.0,329347151046621.9,52.79452297500008,53.25670575569627,609
0x005b35993837ffbc6ebfa08d2e4ac40fdb0a63d1,2,1,1,0,0,0,0.0,0.0,146273208010.28442,14627320801.028442,0.0,502
0x005b5489aad85ecf95142ba14f97bba3b5d13a1a,1,1,0,0,0,0,0.0,0.0,1140380037146.0881,0.0,0.0,502
0x005b8864b832d250e97996febb2b6a10b4562fd1,13,3,3,3,4,0,1.0,0.0,1099338534665719.8,824604079305083.0,819194697716170.6,1000
0x005bf9036a459545ec86252db2a37667a5823b94,4,1,1,1,1,0,1.0,0.0,8347219430104514.0,2096.6285129568246,2096.6285129568246,625
0x005c7aa4001747cd4bf25c777318a13191a182ac,245,88,25,25,107,0,1.0,0.0,2668006056084939.0,907252809300628.8,789880568216535.4,1000
0x005ce2b15bd5fa54f2a7667405d8d45a765088cf,3,0,0,0,3,0,0.0,0.0,0.0,0.0,0.0,500
0x005ce3720edd52ef800ed68bfe29114a7d86e623,16,4,3,4,5,0,1.3333333333333333,0.0,234.80742344942382,154.86246365353526,154.12279797218406,654
0x005ceac16427ed612040519f078d08570eaf7688,1,1,0,0,0,0,0.0,0.0,20055058416.9908,0.0,0.0,502
0x005d25ac8fe00ec22e8b0f34d7a5f8e00217fcd0,2,2,0,0,0,0,0.0,0.0,2.136979506889726,0.0,0.0,504
0x005d9ffbbd210f6b04d7f0880f5c49130d38ff0d,48,24,11,5,8,0,0.45454545454545453,0.0,4626471164760998.0,3517590882253960.5,2086082101510169.2,1000
0x005de910a2a04e1efe9eb4c3e2aca7744ab15ed7,1,1,0,0,0,0,0.0,0.0,0.011917629546519348,0.0,0.0,502
0x005df03951fac36e8cc39b7d03eadf00829815b4,3,3,0,0,0,0,0.0,0.0,2294793946959.7876,0.0,0.0,506
0x005e105ad9c1a60512e6bb98fdaa1183bd341f18,1,1,0,0,0,0,0.0,0.0,182.5661765207202,0.0,0.0,502
0x005e5cac6eb7637edf689403e01b86bda451ef61,31,5,15,7,4,0,0.4666666666666667,0.0,2.8161556426215096e+16,4.207997184775346e+16,4.182601408656092e+16,1000
0x005eba6d8c2af1e7058d7c22e23999188fd15339,2,2,0,0,0,0,0.0,0.0,1210948774549.276,0.0,0.0,504
0x005ec23381d0b33407fcdedd2df7facd769304cd,1,1,0,0,0,0,0.0,0.0,191450601394.6422,0.0,0.0,502
0x005f16f017aa933bb41965b52848ceb8ee48b171,767,328,183,109,147,0,0.5956284153005464,0.0,2.6198144083578784e+16,2.1395443546899576e+16,4909502719859270.0,1000
0x005f4ed154aec7b147190c97d3f2535fc8360b12,20,9,5,2,4,0,0.4,0.0,2407997513385713.0,144635069519722.3,1052.635481001037,574
0x005f73c6a7233e4e6bdb5041d021fa36b6716b2f,1,1,0,0,0,0,0.0,0.0,1633177668797.5852,0.0,0.0,502
0x005fe33f474dd52d8308b470c2503fd6ffabe31a,1,1,0,0,0,0,0.0,0.0,189446329554.85913,0.0,0.0,502
0x005fe34dfd8c3b7994d608a374cedcc44b73e0bd,2,1,1,0,0,0,0.0,0.0,15854237614.713926,0.0022509558575093108,0.0,502
0x006002bafd83794a35b3d63fb00bfce00f4557ed,1,1,0,0,0,0,0.0,0.0,0.018970105657384034,0.0,0.0,502
0x0060f329ae466559db2e692b24252a5163bf16c3,1,1,0,0,0,0,0.0,0.0,1.306832742256161,0.0,0.0,502
0x006106679868ffbeb8bef8788be4d59571a13053,1,1,0,0,0,0,0.0,0.0,1.103798212876688,0.0,0.0,502
0x00626b79d2972dfd10463e1871f8edcf8aae5bb3,6,1,1,2,2,0,2.0,0.0,9101083385071.715,3.927535492040781,3.920647080667527,708
0x0062cb1c249a8579e155794dc86960e4f88af402,12,6,2,3,1,0,1.5,0.0,2052750671371352.5,200.08312338378698,199.66776584856842,672
0x006366325c813728f871c16a7703b818ee1ac6f1,8,8,0,0,0,0,0.0,0.0,1054709732712491.2,0.0,0.0,516
0x0063d9477fd76b7c9732917b3b884d918607a804,8,5,3,0,0,0,0.0,0.0,259870430237802.9,100750768932836.73,0.0,510
0x00645acbda7635b02a8b517d49ef6cbd028962e3,1,1,0,0,0,0,0.0,0.0,1.1057148773783911,0.0,0.0,502
0x00645dd21310882cc32399abcb54e0a05b3b5d1d,28,11,1,1,15,0,1.0,0.0,8732546391430635.0,5019.894675374623,77.5236798405294,625
0x0064f7e15fdf96a5225d4cc07b38eef45c8bdc46,49,13,26,8,2,0,0.3076923076923077,0.0,858348230424055.4,332478547338414.25,239199589435742.3,1000
0x006501f106d155981aac18b4d31a6e14d1e55fae,4,3,1,0,0,0,0.0,0.0,3488193837.414586,832536136.715753,0.0,506
0x00651f6724f748af9315f720d67ef9ecc3139bdf,1,1,0,0,0,0,0.0,0.0,195023507743.12964,0.0,0.0,502
0x0065245cb87fda9fc42e7ca9962a13da9a52345d,1,1,0,0,0,0,0.0,0.0,114591550230.44263,0.0,0.0,502
0x006551b8f041761e2e47bb4792b21e67786b3452,2,1,1,0,0,0,0.0,0.0,560865078387.132,280432540238.6472,0.0,502
0x0065fb0daffbc3025516415183fa808b2b40b3fb,2,2,0,0,0,0,0.0,0.0,2.0244914561089837,0.0,0.0,504
0x0066023b24edd70b7def47effbf2fd7617f9c66b,5,5,0,0,0,0,0.0,0.0,394724826083560.06,0.0,0.0,510
0x0066245819d5d387ac2209620741e721ccada64d,1,1,0,0,0,0,0.0,0.0,161009559353.34027,0.0,0.0,502
0x00668293095ef3ba3a62d566e2ac83fb81aec94f,28,21,5,1,1,0,0.2,0.0,3579787718108886.0,2753647293709793.0,2556394240788.731,1000
0x00668bd79ede077b99bbe1c4db59418bc333d4cf,1,1,0,0,0,0,0.0,0.0,2555341904235862.5,0.0,0.0,502
0x0066a75495069b7d760177aa2607a140b13aa520,4,2,0,0,2,0,0.0,0.0,405856817727679.3,0.0,0.0,504
0x0067243a8b83385457c53923a6cd0bc019b090e8,1,1,0,0,0,0,0.0,0.0,1.0444945570389403,0.0,0.0,502
0x00677d8b6fda25b199539633a8cd07074c855cb7,34,15,10,3,6,0,0.3,0.0,1007501067178037.2,534657509771499.75,534606161668760.7,1000
0x0067eec7ad35e72613d760e917890d1b7e876e4e,2,2,0,0,0,0,0.0,0.0,1897519569848.7034,0.0,0.0,504
0x006850972a3144f2bcb0d37fbd7f84b26765d458,1,0,0,0,1,0,0.0,0.0,0.0,0.0,0.0,500
0x00694ba9219891081e07b31ebaf19abfd97e1acb,14,10,3,0,1,0,0.0,0.0,8954.81550894879,6937.976552786766,0.0,520
0x00695c7fcd8ee1517adb85c24547fc792613a5c5,2,2,0,0,0,0,0.0,0.0,2.1069383144186427,0.0,0.0,504
0x0069d013b71c2d000fca70549d894e49b8e4e031,1,1,0,0,0,0,0.0,0.0,21896848897.12297,0.0,0.0,502
0x006a310554681273826624361a3177cd9f3aad1d,2,2,0,0,0,0,0.0,0.0,9888204779.57412,0.0,0.0,504
0x006acbf79f7c4580fa01ffa48085d832592f1b63,18,6,3,3,6,0,1.0,0.0,2.284531614423498e+16,31991.13214438826,32219.987697288343,943
0x006b64b48437695a2c0b470e22de9b8d3b866f52,1,1,0,0,0,0,0.0,0.0,1.1067531138906328,0.0,0.0,502
0x006b855e1ce71d0163e41c17fac02fcdedf0ef21,8,3,0,0,5,0,0.0,0.0,1607536128036302.0,0.0,0.0,506
0x006bcd94f74784887705d74884308172343855ee,1,1,0,0,0,0,0.0,0.0,1186257535000.039,0.0,0.0,502
0x006d0cf97d1aef07271dcce6d0bd60e8d98966ec,2,1,1,0,0,0,0.0,0.0,47602172087.41574,5721414914.352854,0.0,502
0x006d0f31a00e1f9c017ab039e9d0ba699433a28c,24,13,6,0,5,0,0.0,0.0,2.4019851971866557e+17,1.0877900376128253e+17,0.0,526
0x006d1df30df75bfa607f41b3a4d67d4be51fe910,13,5,3,3,2,0,1.0,0.0,160409804383650.62,537.1427683341382,535.7999933378576,624
0x006dfe647e57d2cdaf47000731659c1f92ece423,1,1,0,0,0,0,0.0,0.0,1.1066213632719584,0.0,0.0,502
0x006f030ecb2daa44fc1dede06a94e749bf3918cf,5,5,0,0,0,0,0.0,0.0,1.8850199142570164e+16,0.0,0.0,510
0x006f1973f3a2911fc15569d7787f51fb114db606,72,72,0,0,0,0,0.0,0.0,260583219.6323862,0.0,0.0,644
0x006f26845ed58e4503a0dd61c69708e3cc028cc5,10,5,5,0,0,0,0.0,0.0,150661034448975.62,75220544693250.03,0.0,510
0x006f74448baead5563915255c8fbc12fd7f6a5df,298,8,142,142,6,0,1.0,0.0,1.7390494008584726e+17,2.1244249531342612e+18,1.882116383913261e+18,1000
0x006fda5407be210b6d8d653b04859a748e84e64a,1,1,0,0,0,0,0.0,0.0,7.681412285661672,0.0,0.0,502
0x00702c8e7a704dbb88efdf09e532447530ab6d0a,7,7,0,0,0,0,0.0,0.0,8810789635.40911,0.0,0.0,514
0x00705d931184135830185bb284fb8ed277693d0d,2,2,0,0,0,0,0.0,0.0,115785868567157.47,0.0,0.0,504
0x007078c8001b515b14000cc78306072a5dfd55b3,30,9,4,5,12,0,1.25,0.0,307128599363425.94,101794226124280.16,101262902614141.81,1000
0x00707aa2eeff1ddb8b22bd1539f92818c9cb8a85,39,16,10,12,1,0,1.2,0.0,3.511821715906597e+17,140980.6551877128,141408.81849635727,1000
0x0070bc9033adf1e49517f98304f41f778d370208,43,14,5,10,12,2,2.0,0.046511627906976744,2.514797765907286e+16,4246180462465049.5,4250920073749138.0,1000
0x0072b1fa7a78e6e2df568563fb551ad2fb8c01bc,2,1,1,0,0,0,0.0,0.0,43779541454.28457,4960130469.32096,0.0,502
0x0072b9af9a7dc5a42091f01d3d22bcf298d398fd,54,26,13,6,9,0,0.46153846153846156,0.0,6802780.919567769,8132888.9072601525,10316745.884623086,1000
0x0073245e2bf4f38400634d4ba7527bbd34bfc6ba,10,3,3,1,3,0,0.3333333333333333,0.0,3601368133188986.0,2122336971725957.5,2025234716941006.5,1000
0x0073894fff63595d6cca3802aad6b9ecf5491ca6,2,1,0,0,1,0,0.0,0.0,1027.6765558648265,0.0,0.0,502
0x0073943c869d55da3b7c8ab40ee3c2a68b65fb33,63,21,10,12,20,0,1.2,0.0,6.917996373321627e+16,4.7235412727280984e+16,4.78101410182639e+16,1000
0x00752654dcd85f8e42e207ccf48212388fd7173d,1,1,0,0,0,0,0.0,0.0,1.1029177047604277,0.0,0.0,502
0x00752fceceba64c2f5a18f3ad5f3fd8938b96a4f,2,2,0,0,0,0,0.0,0.0,0.6446605082434231,0.0,0.0,504
0x0076b2f8ead986bb6de67735313891c0876f4388,2,1,1,0,0,0,0.0,0.0,19498029494.40001,4062089478.0000014,0.0,502
0x0076bc177845e513018cda51be5e5f80f44aeb50,2,2,0,0,0,0,0.0,0.0,0.9793620181581177,0.0,0.0,504
0x0076fcc7d245f6c7aaf07238adfb48adc62bdd55,21,5,8,6,2,0,0.75,0.0,2465044931191519.0,708071279606281.1,681979694648467.9,1000
0x00778698bbc902543b596af6e7c0aa13b614162d,48,17,12,10,9,0,0.8333333333333334,0.0,1.0521407770031692e+16,9643.103916629096,8151.661568255344,728
0x007821abbcc2da83df7fdf57520741d6ea1042f2,1,1,0,0,0,0,0.0,0.0,1.1080834987275638,0.0,0.0,502
0x007849ce924f0a3ed1baccbff2742a3d1cdc7ac0,4,1,2,0,1,0,0.0,0.0,1354912483691722.8,182028135335850.1,0.0,502
0x0078c86e12186e2de1ff6fef5f1ada2bffde4ea5,11,1,2,2,6,0,1.0,0.0,3.162624000000005e+16,2493892778113363.5,2515567769514656.0,1000
0x0078dc11a5b751eb0e94d6c97cae29acf6e8579d,10,4,2,3,1,0,1.5,0.0,298494680518493.8,110.13368216243714,113.19756700027165,668
0x0079228fa4e08e800883021b18ff0bc7937b3aef,2,2,0,0,0,0,0.0,0.0,1158779571687.0476,0.0,0.0,504
0x00795ff7870798a332a99c3969406286259dce8f,17,5,8,4,0,0,0.5,0.0,1971341174454578.2,1400586643842286.8,967001016056574.0,1000
0x0079bf6868cb1b7cf4a451311fd70c348f3ed38b,1,1,0,0,0,0,0.0,0.0,1.9854212700000011,0.0,0.0,502
0x0079e0ce802e67adba53ac0e7927f45f6304ae6f,2,1,1,0,0,0,0.0,0.0,15854237614.713926,0.0022509558575093108,0.0,502
0x007b003c4d0145b512286494d5ae123aeef29d9e,23,12,0,0,11,0,0.0,0.0,1.7961577527500076e+16,0.0,0.0,524
0x007b212ac048a425d2019d14e7be4aeae3faf8e9,2,1,0,0,1,0,0.0,0.0,11114.363546916586,0.0,0.0,502
0x007c426ab1b726e3be68b37ac0ffa8aed94447bc,1,1,0,0,0,0,0.0,0.0,158215712427.3003,0.0,0.0,502
0x007c4bb067d9b6afeb4c13415477d396123c4aa3,262,89,46,53,74,0,1.1521739130434783,0.0,2.0009108835137875e+17,1.9267293355564856e+16,1.4985290614576806e+16,1000
0x007ce1895ca7a000e37a524399920ad7dae41f43,3,3,0,0,0,0,0.0,0.0,1240633718119.6907,0.0,0.0,506
0x007d418f61454569a051b5a9d11112996a986bb1,1,1,0,0,0,0,0.0,0.0,1.1061883717783991,0.0,0.0,502
0x007d42732fee6a2a8de421a06dcc02daf93e2b2f,8,2,1,2,3,0,2.0,0.0,934.3631835309749,173.68241102520034,198.48528809190867,711
0x007dc697bbc1bdfb0988db00ebb3d17d52fdda3d,196,127,16,12,41,0,0.75,0.0,2.5253802305128352e+17,6.2107663938420616e+16,4.276099903860381e+16,1000
0x007de57773b6eb4ebbf6a740dfde1efdd5629630,12,9,1,0,2,0,0.0,0.0,1394235279997.931,133498837782.57864,0.0,518
0x007e4e679e14f17d62607418f546e2d97d9e5a61,6,2,1,2,1,0,2.0,0.0,799872582864787.4,250.1499018298603,250.87525771569537,712
0x007e8e7ccdfc45f0a6319a3aa938203126f1d646,4,1,1,1,1,0,1.0,0.0,2635014348407265.5,779971768698578.0,779971768698578.0,1000
0x007edad4e994b9dc1a1229eb6d4c852d08c6ed33,1,1,0,0,0,0,0.0,0.0,0.012187682810128532,0.0,0.0,502
0x007f0596cce8ff85fb8091e410aeb5cad529ba4d,1,1,0,0,0,0,0.0,0.0,1156659417469319.8,0.0,0.0,502
0x007f3da6715efd4b6994b7348b644b64b695d3b1,137,36,27,17,57,0,0.6296296296296297,0.0,7431545.622836759,5335102.7543330025,5343323.482084861,1000
0x007f4172d3dcd318d7bd0eec9325ad5e4c2bcc8d,5,1,1,1,2,0,1.0,0.0,1.177389229625424e+16,8594390130098658.0,8577627583386896.0,1000
0x00800d9019001aff6e1eba3312e35e9b22d3f058,122,48,35,21,14,4,0.6,0.03278688524590164,7.909949867590418e+16,52943.34536271458,33427.38304008414,1000
0x0080568c64209a91110f1333057f5e34a0e5b62e,1,1,0,0,0,0,0.0,0.0,0.1581263636927521,0.0,0.0,502
0x0080a01a45d5e023435dc82970ec2681a5ae050e,49,24,11,0,14,0,0.0,0.0,2.237652321539066e+16,1.3047649402729868e+16,0.0,548
0x0080bdce06d56ce3911ad7f73e4c3bbd577e267b,11,5,1,1,4,0,1.0,0.0,1.6412602644004806e+16,6170.020337697275,6173.567720383229,674
0x008160cbce03ce9c914d9734c821fe96899185bc,2,1,0,0,1,0,0.0,0.0,116214500000000.02,0.0,0.0,502
0x00817ccd987f38563a46027758376123c870d263,1,0,0,0,1,0,0.0,0.0,0.0,0.0,0.0,500
0x008183a11eacc113e85007bd14bfbd6da3f687f9,63,32,13,10,8,0,0.7692307692307693,0.0,4396397938148703.0,194325251142286.12,202031749413258.56,1000
0x0081b2ec2af3f22528d6581e6554aaba5141e985,17,3,4,6,4,0,1.5,0.0,2.6731336212744934e+17,3.149010427261565e+17,4.1233871516328634e+17,1000
0x0082a12e195b8f31660830132e72716225382075,47,16,14,12,5,0,0.8571428571428571,0.0,4797621927914767.0,1041317769076935.2,989386818456092.1,1000
0x0082c6c4decefca6626b5e66929fb2ceca7c994f,1,1,0,0,0,0,0.0,0.0,171606049867.20026,0.0,0.0,502
0x0083e235216ffe303c9db58e2eca7d69f99afd2d,2,2,0,0,0,0,0.0,0.0,428275879459485.0,0.0,0.0,504
0x008426fc298852d92a4a2b3607aa384a51c4b65a,4,1,1,1,1,0,1.0,0.0,2.2386058948002424e+16,7803.572597150078,7796.322495818378,682
0x008450344d3518a45a2d4fd0425eea6a5c08033d,92,32,28,16,16,0,0.5714285714285714,0.0,1.0315464510836397e+17,4.583396369515054e+16,2.155135093492969e+16,1000
0x00847f96c75f1fd63f6d625a3342ba0123b20200,70,70,0,0,0,0,0.0,0.0,260606268.42016777,0.0,0.0,640
0x0084ac988560b4724413941a0a89f7ea57da4fe5,3,1,0,0,2,0,0.0,0.0,289482739762152.1,0.0,0.0,502
0x00850f22f6d422d8987f796a9f23fd9e45bda47e,2,2,0,0,0,0,0.0,0.0,2.005024531222288,0.0,0.0,504
0x00861fefcfef0a542b0a6c90ce1ee575e257a6c7,66,38,10,6,12,0,0.6,0.0,9417590835027918.0,1080475346365511.5,1089094681212322.5,1000
0x00868d173cf4463514ce9cc871f06edb1f3b16c4,4,0,0,0,4,0,0.0,0.0,0.0,0.0,0.0,500
0x0086bf55d1e7225d1faf4f17ccd48983b0146cc6,22,11,6,2,3,0,0.3333333333333333,0.0,9077362546516270.0,3207284864135615.5,1429.4704517491275,575
0x0087899a5bf67ca95147d3ad6b76907288972055,1,1,0,0,0,0,0.0,0.0,187777846804.53812,0.0,0.0,502
0x0088092651027c8566be1011c29f3a71eebe5efe,7,3,0,0,4,0,0.0,0.0,3896815927284539.5,0.0,0.0,506
0x0088b7a2ee442d30dc18b5fe9e3227af18120b02,2,1,1,0,0,0,0.0,0.0,36987275402.00573,0.015104271901294838,0.0,502
0x0088ed232bae631195655bb31da1ee5a61ebd5ab,1,1,0,0,0,0,0.0,0.0,1.1781193201983806,0.0,0.0,502
0x0089b988ca94bf62cd88a5af10e5cfc9432ef568,1,1,0,0,0,0,0.0,0.0,1019824928189.8718,0.0,0.0,502
0x0089ca86f688fd3c2efaf737a28f52b0ce1ef380,1,1,0,0,0,0,0.0,0.0,1.1096561347250755,0.0,0.0,502
0x008a34511b9808c41237d7568e409141ab10796b,38,28,3,6,1,0,2.0,0.0,2193346057999217.2,1069192246320062.1,1025.060753146566,784
0x008a5ff6e91ba1eef94655853c3690d15d1153bc,1,1,0,0,0,0,0.0,0.0,225226029651.9667,0.0,0.0,502
0x008a86b4dbbe4fe8a7f2145cdc676ffff95bdf23,1,1,0,0,0,0,0.0,0.0,1024962859775.4271,0.0,0.0,502
0x008ae504ac6c0c89d32009c02b3a92e57fec188b,17,8,7,2,0,0,0.2857142857142857,0.0,396673438224818.4,134.9337402539106,33.18584329494934,550
0x008af94ec70860b667caec3a2e2de07597db90c6,39,21,4,4,10,0,1.0,0.0,5222633241350680.0,543070758056639.5,543703289418070.94,1000
0x008b1ffe244bf31896c833bff4ad9009e7a0f4eb,37,20,11,2,4,0,0.18181818181818182,0.0,6.963885563691268e+17,1.6155644788239478e+17,81223.42673524047,1000
0x008b24d362ca3f7dd93ab9902927eb3af50216d1,1,1,0,0,0,0,0.0,0.0,4524327537705857.0,0.0,0.0,502
0x008b61e1a118db01bc5e253da985c5f11fe04b4b,2,1,1,0,0,0,0.0,0.0,39737719039860.06,16.055636792298465,0.0,502
0x008bddb9cca2d92deee55a50d0f358eaf4b7f076,24,9,5,2,8,0,0.4,0.0,19965842813775.65,211.1353824154206,110.98533886303653,565
0x008bf5ef7e1b1170f0f7471b93f62b5cac55316f,1,1,0,0,0,0,0.0,0.0,16344872248845.725,0.0,0.0,502
0x008c2b6e55284a2ea09c62d50a7da4c7c151dec9,1,1,0,0,0,0,0.0,0.0,7036861706099058.0,0.0,0.0,502
0x008c3eb2cfd1f9ab110485c75fea549926f28b47,2,0,0,0,2,0,0.0,0.0,0.0,0.0,0.0,500
0x008c9ce69f80e890d3fb27d9d6c94c570a53889c,1,1,0,0,0,0,0.0,0.0,1.1072496911993068,0.0,0.0,502
0x008d2d57867efeba246e3bd8034ceb8c8f596950,2,2,0,0,0,0,0.0,0.0,2.8576062477057436,0.0,0.0,504
0x008d399b5936b8fc3d6ce86ad53ac001217e3978,9,4,2,1,2,0,0.5,0.0,171724404636524.44,56369109552005.64,44.15180718027424,561
0x008dfd01cba93125fc08f41e86cfa02b2d203005,2,1,0,0,1,0,0.0,0.0,9114.334743142852,0.0,0.0,502
0x008e2fd504a73089ccd6fc0584665905f411ca3b,1,1,0,0,0,0,0.0,0.0,205509138325.71814,0.0,0.0,502
0x008f1edc31890f9c66d4b9cf24c78dd651502274,45,24,8,4,9,0,0.5,0.0,190318749644163.25,55344426281201.12,55825280995671.09,1000
0x008f96aab23e71c98398e6c5dabf2ee2ded9f15d,184,77,38,28,41,0,0.7368421052631579,0.0,1.0079706230865756e+16,3500144308451926.5,2429940920073303.5,1000
0x008faa257fd02ff7b9ed19e4bd16b2fc4f71a98f,1,1,0,0,0,0,0.0,0.0,1.0811574193572382,0.0,0.0,502
0x0090ca02bba03a52241bfb641cc575bd4990432c,2,2,0,0,0,0,0.0,0.0,2.1901122540111655,0.0,0.0,504
0x0090ca7a7e7923d6b67319c268f3eef1b5bd5d3c,7,3,3,0,1,0,0.0,0.0,769081271313871.8,274.92517088896017,0.0,506
0x0090fb1887c411fe826cba2832a004e5d9882284,1,1,0,0,0,0,0.0,0.0,1367255968302.4373,0.0,0.0,502
0x00913b0179ae1afaf4ec5a3c265611008560f63f,1,1,0,0,0,0,0.0,0.0,1985478965587.214,0.0,0.0,502
0x00916ef0f7c59f94a28ec2a332b95d4c089a8d48,5,3,2,0,0,0,0.0,0.0,1.3385090773701932e+16,3737083839837155.5,0.0,506
0x00917065867c9cb16d75abfbfa76aa69bd92ab75,2,1,1,0,0,0,0.0,0.0,52831218678.3543,5019194169.632934,0.0,502
0x0091c05a50ef584f09c5c8b813a207198643788a,1,0,0,0,1,0,0.0,0.0,0.0,0.0,0.0,500
0x0092a80c90069d5a243caa28fff0eddd5c03696d,3,1,1,0,0,1,0.0,0.3333333333333333,1012848832000.0022,0.499302637953934,0.0,430
0x0092f6fe26d0c54f9e60326e8d93cf6770cdf494,27,10,5,5,7,0,1.0,0.0,5464244343120016.0,3388448598615339.5,3383184393013867.5,1000
0x009330f669003eada06b676b6e5cb77415471e7e,4,1,1,2,0,0,2.0,0.0,5292104765229.567,263.6779508584829,273.27777046701453,710
0x0093660a2f58c0c38ce2ce0f894c86f9011478ea,162,116,44,0,2,0,0.0,0.0,186368632205407.56,13051.544299725078,0.0,732
0x00940bbff7ff7778b466fd26fe2932051885c1ce,4,2,0,0,2,0,0.0,0.0,2.4654470390120924,0.0,0.0,504
0x0094cb1657ee9da34b93845aa142eaa59169ee05,245,118,51,45,31,0,0.8823529411764706,0.0,9039316028107916.0,1.0225319222961484e+16,3158279983595677.0,1000
0x0094ccf467b9b767df3203796250014a7174a87d,4,2,2,0,0,0,0.0,0.0,2273047587668.7935,531408988655.6837,0.0,504
0x0095afc96094160cea6a5e00b5858369f25f3d74,10,2,1,0,7,0,0.0,0.0,330940869847431.75,119.67385806229699,0.0,504
0x0095d0862b889c5b8606962cb834a3634a8745b7,1,1,0,0,0,0,0.0,0.0,5644657391.001652,0.0,0.0,502
0x0096e6df996e6cb590c5aaa40ce00dc449f9659c,1,1,0,0,0,0,0.0,0.0,1.1113360451749739,0.0,0.0,502
0x0096ecc56a1bb6c4dea4233dec48fb5f6d7375b4,4,2,0,0,2,0,0.0,0.0,20822.033112517645,0.0,0.0,504
0x0097f65bdc45149e5ffac00e4c51a5b073af7245,13,6,2,1,3,1,0.5,0.07692307692307693,2673442255230.7397,1.4440541337752404,0.8726793407602946,544
0x00980decdab20f78ab79dc28171b68ce238ec327,4,2,0,0,2,0,0.0,0.0,21093.35331722086,0.0,0.0,504
0x00983187e18f62a2ac1dcebd63f2e5f50394cc74,39,10,7,7,15,0,1.0,0.0,3130245886852406.0,5351.904241133419,5020.696647271211,691
0x00988fe82c5550c2240c9874d55cbd100cd1a722,4,1,1,1,1,0,1.0,0.0,1426294075392001.8,456.97177386202833,456.97177386202833,609
0x0098b56dc561854ab6f8e0d6796137dc6d808b68,3,2,0,0,1,0,0.0,0.0,9551899457570894.0,0.0,0.0,504
0x0098bc1587f679bd2e678bbf64ccfea4a0d3b899,2,1,1,0,0,0,0.0,0.0,45045959427.72163,5007695446.04712,0.0,502
0x0098bf50fb96f428faf3e60e67c06eb1ee07e336,1,1,0,0,0,0,0.0,0.0,0.012727116792164948,0.0,0.0,502
0x009990e99b12f7ebcc594fb721fe56e4f88ac27e,5,2,1,1,1,0,1.0,0.0,887715502002091.4,283.94446528882094,283.80094210155426,609
0x0099a7b429f7541cbda34d6aa8cd82181fbb8bb5,37,12,12,10,3,0,0.8333333333333334,0.0,2.7875214586280028e+16,3659428791101652.5,1000703599145563.6,1000
0x009ae9ce6f09789a764aaab19781864db4edbb16,2,1,0,0,1,0,0.0,0.0,9250.163340033538,0.0,0.0,502
0x009b05514d08da09a84f47de870af880bcd375a5,4,2,0,0,2,0,0.0,0.0,62888211581433.78,0.0,0.0,504
0x009b21f6f8273fe12dbc9c8025ca27db7de16b8c,187,71,38,32,46,0,0.8421052631578947,0.0,982008127004232.8,527187056966560.7,525131095859260.25,1000
0x009b56330ae5ec5042b9ca46ddb3043cc0d006f3,3,1,1,0,0,1,0.0,0.3333333333333333,402967000000000.6,94499791170000.14,0.0,430
0x009ba176a4d59d90357e9ed631c3038dcfa7f18b,8,8,0,0,0,0,0.0,0.0,1386735051773439.0,0.0,0.0,516
0x009bd2e8e42fea1fab886ed083f5332eefa35b85,3,0,0,0,3,0,0.0,0.0,0.0,0.0,0.0,500
0x009c52172355d5729543a64832249638822ff8c9,4,1,1,1,1,0,1.0,0.0,1.0595599431830006e+16,1121012375129294.6,1121012375129294.6,1000
0x009c8da3408c57e8c4b6872fbbdf832dadf45c5e,22,3,1,8,10,0,8.0,0.0,120.94435669565488,35.93415241440002,36.243766189905855,1000
0x009d1b5cff376266cce5f3c471aecb61c09b676e,1,0,0,0,1,0,0.0,0.0,0.0,0.0,0.0,500
0x009d3342ac1246d0e95a7f6772e11ce9f07b2560,4,1,1,1,1,0,1.0,0.0,1109423120444506.6,264496353495368.88,264496353495368.88,1000
0x009e7a5a378a128d9afdb80dd8aeaa04c30a67d0,1,1,0,0,0,0,0.0,0.0,6.306527846644211,0.0,0.0,502
0x009e8675b19be214d3f620e90c5e0de7a13c3c5a,109,72,13,15,7,2,1.1538461538461537,0.01834862385321101,4.367548585033337e+18,5.509410262898577e+17,4.7657690394085446e+17,1000
0x009f79b5d57ee262330848096916e6a7e2a28eca,1,1,0,0,0,0,0.0,0.0,1.1313840773476334,0.0,0.0,502
0x009fd1cb55a0af9a9a645b8140a7014b46e6abda,1,1,0,0,0,0,0.0,0.0,1.0896345501820137,0.0,0.0,502
0x009ff94a057c75f661e3e28f89b9b9d84e57fc67,252,165,56,16,15,0,0.2857142857142857,0.0,8.286465691208704e+16,1006410588305165.9,1000619457913742.1,1000
0x00a0847926a77692495774f1c71ba8abef99dd52,62,29,21,8,4,0,0.38095238095238093,0.0,3.231118119515887e+17,3.537907354110274e+17,1.0048357068544162e+17,1000
0x00a09297f06b3790a37cffb2de91a0fccf0d5bac,160,114,15,27,4,0,1.8,0.0,97800217960032.25,28064815760482.96,10069873890977.297,1000
0x00a258e6e7009cd9a677fef9c7496dd5ef59b518,2,2,0,0,0,0,0.0,0.0,1124544549228.2737,0.0,0.0,504
0x00a290c589d754b5b33afd5fcfc35784bbe5e0fc,1,1,0,0,0,0,0.0,0.0,1.0153210537258528,0.0,0.0,502
0x00a3141fe0c2f5b67338cf9da496d1b3a65969e3,3,2,1,0,0,0,0.0,0.0,172224243688.36664,51181548528.62224,0.0,504
0x00a3d4e0134ff2046e9c9b83d3321625ba3da1bd,16,12,2,2,0,0,1.0,0.0,26399449835.40196,0.000771169544044299,0.0007716374869145267,630
0x00a4a60954be0edeb7f6f408ad6a0fd7c35b80b4,1,1,0,0,0,0,0.0,0.0,1.0159932509910963,0.0,0.0,502
0x00a565efa59cd8bbe65785f1122f88ebc41a23e1,2,2,0,0,0,0,0.0,0.0,1092257164682.007,0.0,0.0,504
0x00a67dc242df79dd7f6145ce38840581ae90c110,13,11,1,0,1,0,0.0,0.0,2.1293505985197864e+16,471721792969858.9,0.0,522
0x00a72d7b5050e8fa50a471f2c9af1dc21eac4d36,18,8,5,3,2,0,0.6,0.0,4458182713544101.0,16856.55371416579,16890.18649516573,753
0x00a73c4e596bec4c4068a9152da71e45480b5450,4,2,2,0,0,0,0.0,0.0,1.6856663915744643,0.05830032773721605,0.0,504
0x00a8bec03805bcfaafab1050dbcf90f57982d750,153,69,33,25,26,0,0.7575757575757576,0.0,6.21143051458406e+17,181667673025215.5,585086.6110656308,1000
0x00a8e50de90d41454813722ba73ab5d80bd01b10,1,1,0,0,0,0,0.0,0.0,9.871627828198309e-05,0.0,0.0,502
0x00a9481685d2cb1536bbe5188a898b38d36e34d8,4,1,1,1,1,0,1.0,0.0,6935834423336535.0,2006.2813854068786,2006.2813854068786,625
0x00a9e3a9a065bf942960f76a228239a3ce9bf755,1,1,0,0,0,0,0.0,0.0,1.1039158183900004,0.0,0.0,502
0x00aab1b1a554f59b96a0de510837ba951ba375e0,2,1,1,0,0,0,0.0,0.0,4566088128359.552,996618074544.5603,0.0,502
0x00aac20f271c4731591cca07913e994d6f1075c0,633,289,89,176,79,0,1.9775280898876404,0.0,1.821502473952384e+16,5386377704024351.0,1400309443172566.0,1000
0x00ab84845d68063c1dcd2a5f2cead5f253b249a2,148,76,20,15,37,0,0.75,0.0,1773153854389200.2,785029404166609.0,989.8283716086752,781
0x00ac270072efbdc76d4bfcf9c7f84b0d5643f66a,1,0,0,0,1,0,0.0,0.0,0.0,0.0,0.0,500
0x00ac60244df04dfc07146f037d14f93320af57c9,203,37,111,29,26,0,0.26126126126126126,0.0,1.5033690444660902e+16,7985037564508208.0,1503089167499454.0,1000
0x00ad3d4cc099be937879451698c673cbd5c3cefc,3,2,1,0,0,0,0.0,0.0,1073174986175.4669,10136807662.960146,0.0,504
0x00ad3d8c4a73cea708e0a7d1b35440c1fcd821ca,2,2,0,0,0,0,0.0,0.0,1971408781.7107882,0.0,0.0,504
0x00ae040fa92f162d68b507e62e83939c6e07da43,1,1,0,0,0,0,0.0,0.0,19111049112.000023,0.0,0.0,502
0x00ae8ac9639aa924a0f4db6b48663a56601b9fe7,1,1,0,0,0,0,0.0,0.0,189196462392.8053,0.0,0.0,502
0x00af05a74080485086d370d9c65d246f0f906528,14,7,5,0,0,2,0.0,0.14285714285714285,1428920698849815.8,1332.0453358116115,0.0,475
0x00af158367a6fcdb1a367f6d503e05799f340881,4,3,1,0,0,0,0.0,0.0,113652380.40391576,11365237.938343968,0.0,506
0x00b16e6a156a7398ca39179f49c1245f4709188e,1,1,0,0,0,0,0.0,0.0,216986871784.77676,0.0,0.0,502
0x00b1be054a8ebe834869496ce0f7bbfe233789dc,4,4,0,0,0,0,0.0,0.0,3231864505850.342,0.0,0.0,508
0x00b1c4f1978b650072cbde5a85440489bd03a13c,1,1,0,0,0,0,0.0,0.0,1.0987711793080346,0.0,0.0,502
0x00b294517a1f6e6e013fd78d4252c2aa8aa72836,1,1,0,0,0,0,0.0,0.0,9.871627828198309e-05,0.0,0.0,502
0x00b34033000b485119da0260bac0cd946faa6a1b,1,1,0,0,0,0,0.0,0.0,1188622221475.9514,0.0,0.0,502
0x00b344e08d3b5fb6e6cd711affa9cf971c291c44,1,1,0,0,0,0,0.0,0.0,0.7308423102584495,0.0,0.0,502
0x00b43a92d45ccdfeef6ea98d56f775586fe9e39e,189,56,23,31,79,0,1.3478260869565217,0.0,1.4668892085466804e+16,852737784475276.1,865362058963362.1,1000
0x00b44a26933a204f5559ab87e8998ab6617feec9,5,1,0,0,4,0,0.0,0.0,143774236532654.03,0.0,0.0,502
0x00b44f149ddb22209db070da0bca4bb01a6e555c,187,83,60,18,26,0,0.3,0.0,6.17206179271788e+17,6.03860569076709e+17,1.1656465636316827e+17,1000
0x00b46cfd36379436272a650c550f0652d0d59165,1,1,0,0,0,0,0.0,0.0,1.108399563733479,0.0,0.0,502
0x00b49bd7e1a75f98a82ca101909994e52a90e990,8,2,1,2,3,0,2.0,0.0,98208283146771.5,78046531009318.98,78051977753945.9,1000
0x00b591bc2b682a0b30dd72bac9406bfa13e5d3cd,114,49,33,16,15,1,0.48484848484848486,0.008771929824561403,1.1255889090513166e+18,5469680535000661.0,6530241577739722.0,1000
0x00b5ae14450bfd084a00599b6875496aec543e39,1,1,0,0,0,0,0.0,0.0,1081001879400.3033,0.0,0.0,502
0x00b5ebd8c8561a28c1834fe08d7e607b73271328,50,25,11,6,8,0,0.5454545454545454,0.0,52166.516005003024,44765.787326525475,44803.127247570534,1000
0x00b65668a962ee571a8f223abd696ab1bd3a391f,4,1,1,1,1,0,1.0,0.0,2.00118994767004,0.10005939732410468,0.10005939732410468,605
0x00b7af5a4aaafd2ae2721ac415de840dd84efc5a,29,14,6,3,6,0,0.5,0.0,391292626001195.25,155585211195088.4,180.36273054815715,588
0x00b7bfce579307a1c113c1c4af6cde13a14fc683,1,1,0,0,0,0,0.0,0.0,0.9925218170000005,0.0,0.0,502
0x00b81c25a5301a1dadfff40f33de25f001d3a096,1,1,0,0,0,0,0.0,0.0,1011221628304.9475,0.0,0.0,502
0x00b878d53e8816048eea4c74603932a1dec4daa9,1,1,0,0,0,0,0.0,0.0,9.988472200000004,0.0,0.0,502
0x00b879bfb781a1dc21d6a810fa377a0d2064426f,1,0,0,0,1,0,0.0,0.0,0.0,0.0,0.0,500
0x00b89bc301c399c1ba531689c71a09cb363753b1,1,1,0,0,0,0,0.0,0.0,0.012288783730662969,0.0,0.0,502
0x00b8bd07af4aa69f6d8ce7fe8777b2dcfe8c822c,1,1,0,0,0,0,0.0,0.0,1.107890838609316,0.0,0.0,502
0x00b8bfc0b407187392aa9fe56eaa7c17b5ebec48,109,42,37,15,15,0,0.40540540540540543,0.0,1353531547720533.8,741939247985586.1,352644022667405.06,1000
0x00b8e23fe7ddea6791131decc5117023dc03cfb0,45,20,6,5,14,0,0.8333333333333334,0.0,354847159472749.25,99874850302838.44,100190148140242.52,1000
0x00ba0f9e3b612bc7b6712964848f2b1d3e75bbac,2,2,0,0,0,0,0.0,0.0,2.2521683489091147,0.0,0.0,504
0x00ba8ccbf0c1ce62834d72706fe3236387f5da35,13,4,2,3,4,0,1.5,0.0,1.1913662021309604e+16,6527.9595633182835,3990.9730236142314,706
0x00ba93361a625e008023f30b6d031d6423f99140,2,2,0,0,0,0,0.0,0.0,11.945896936037112,0.0,0.0,504
0x00bb0532dd949fab848d72a951a1d6c2b197d935,3,3,0,0,0,0,0.0,0.0,1084911612179.1981,0.0,0.0,506
0x00bb6c783fce35b92e6cde0874abf2c580673753,1,1,0,0,0,0,0.0,0.0,174749364322500.3,0.0,0.0,502
0x00bb7c23500573ca6933778837c9dedd247e94d9,1,1,0,0,0,0,0.0,0.0,1.100762321054562,0.0,0.0,502
0x00bb88a8309759a7c9f0a5c8e3a9364e8f564a8d,10,4,3,1,2,0,0.3333333333333333,0.0,0.037977833935131135,0.008943083417956021,0.008943083417956023,544
0x00bbcd7ea98da5f60ee393533aaa9edeb8573167,16,9,6,0,1,0,0.0,0.0,259421431149542.2,109148117088956.5,0.0,518
0x00bbfa640a4bac8f3650373be8f4bd77f0472101,192,59,69,40,24,0,0.5797101449275363,0.0,2.3935913331344836e+16,1.3035053615600628e+16,4798607513483386.0,1000
0x00bbfa896cb54e2b1d3db2a7027368b43d344a21,1,1,0,0,0,0,0.0,0.0,21119484926.949448,0.0,0.0,502
0x00bc82902a4fbfa08fc5da418f642209f7b10c0f,3,2,1,0,0,0,0.0,0.0,64709.07674169919,53972.78869057552,0.0,504
0x00bdc8be263d20bb3a83aaeadfef258dd409e2df,224,107,59,45,13,0,0.7627118644067796,0.0,8760559194140922.0,7.813929289273414e+16,7.859850419243912e+16,1000
0x00be57e4ec695d077e63c5eb84187a7e70169279,4,0,0,0,4,0,0.0,0.0,0.0,0.0,0.0,500
0x00bf2f290d3aef716cd8127acc153c273c23c538,103,46,14,12,31,0,0.8571428571428571,0.0,6.507639791692214e+16,102505.78097230483,62644.265413324196,1000
0x00bf6ec0064e1a733a0fcc6df071b2cf514ff0e8,18,6,3,4,5,0,1.3333333333333333,0.0,444.3787751334611,278.61568250276,279.11089303650584,660
0x00bf807dfb399cf973433599f2f23210ac54ca94,1,1,0,0,0,0,0.0,0.0,1.0978426665564018,0.0,0.0,502
0x00c26a3e7117cfe0e4afacff2a1be9e3d2384c6e,79,40,39,0,0,0,0.0,0.0,215874531502499.22,103404867974363.81,0.0,580
0x00c2ac8857ea018a1cc23d529ec26f55d0bc1849,3,3,0,0,0,0,0.0,0.0,2.1426283932313144,0.0,0.0,506
0x00c2e5aa91c2b6927a4e8533482c8217b450a6a1,156,83,35,15,23,0,0.42857142857142855,0.0,8.915762473025976e+18,7.017694355464586e+18,6.178380202952856e+18,1000
0x00c31aa7aadc000a078b01e59d443b99fa64ef08,1,1,0,0,0,0,0.0,0.0,18966582990.000027,0.0,0.0,502
0x00c33f577e35165e07dd9a43b2baf124163bac0a,5,4,1,0,0,0,0.0,0.0,1206200369762057.5,221644169835331.4,0.0,508
0x00c3a5aceb3fe926a7a9772a6c4efd9f6beb7d73,4,1,1,1,1,0,1.0,0.0,1853263.8847005686,8198.659001295575,8265.012023689425,687
0x00c3a7a09fe2fed6f8c163202aea9cfad99874b3,103,52,22,7,21,1,0.3181818181818182,0.009708737864077669,6688499043305423.0,2957430118710710.5,425440808322414.56,1000
0x00c3af852e2ca04d993382b3664f62aa45ae731e,1,1,0,0,0,0,0.0,0.0,1.6355620523028132,0.0,0.0,502
0x00c4803aa7cdfe5ae5d325b79d5c3c384e4a8ae9,2,2,0,0,0,0,0.0,0.0,2.0235716648247637,0.0,0.0,504
0x00c4a3ac304984f216b8a8a0c182fae7984c83dc,29,9,5,6,9,0,1.2,0.0,182043017550595.56,65335237263027.016,65232279778923.11,1000
0x00c4db45dda03de5bae5417530723fd7dd03da3f,1,1,0,0,0,0,0.0,0.0,1.048232842578546,0.0,0.0,502
0x00c4fd7e8e4a9680b9db58640c76d4a17bd09ee4,1,1,0,0,0,0,0.0,0.0,985308358126.5326,0.0,0.0,502
0x00c5514615e9aeb9cf51f2e635b33743ae062dfe,17,9,4,2,2,0,0.5,0.0,2.2351690817715498e+17,1.7858271746398374e+17,1.9320755183438064e+17,1000
0x00c5ed4823b1d2e496b75e53ddb2859aa70213a3,4,2,0,0,2,0,0.0,0.0,2184.6840580689554,0.0,0.0,504
0x00c609bb7806a47616de8cad327215ca70d45896,1,1,0,0,0,0,0.0,0.0,360058465636359.75,0.0,0.0,502
0x00c644e774d7b1a3a95154113f86b9e25350a111,4,0,0,0,4,0,0.0,0.0,0.0,0.0,0.0,500
0x00c6483e4f527144bb65dd2a93913abeba4dc545,1,1,0,0,0,0,0.0,0.0,194307861839.2538,0.0,0.0,502
0x00c67d9d6d3d13b42a87424e145826c467cccd84,71,15,13,7,36,0,0.5384615384615384,0.0,2.4005142285694412e+16,368501477697705.94,359305177581392.2,1000
0x00c6bf08de7e3c560357b0b4e27da2fa6f8519eb,50,16,24,4,4,2,0.16666666666666666,0.04,4981447305021234.0,3343497489217565.0,1365084013572756.0,1000
0x00c6e2363b84d2e7820c6b38ca1b46f7e0714668,4,4,0,0,0,0,0.0,0.0,9496785179.482872,0.0,0.0,508
0x00c7a23058e32effe114e99623b0df28861527d4,6,4,0,0,2,0,0.0,0.0,3217057061885711.5,0.0,0.0,508
0x00c844967b2ab4c5ac26f44dcbffa7c06897e18e,21,9,6,3,3,0,0.5,0.0,1.3846717827769292e+16,5842294528473156.0,4680161695493476.0,1000
0x00c98bc1a9458f9fb28887da8172e90df88da379,4,1,1,1,1,0,1.0,0.0,1517672217600003.0,636098124816001.2,636098124816001.2,1000
0x00c9acc867f576baf35e96521d139115b316a48d,3,2,1,0,0,0,0.0,0.0,70856175924.54875,26853554244.36856,0.0,504
0x00c9e875ad0504a307aa7ab60997ea2658bc6aea,2,2,0,0,0,0,0.0,0.0,1.0463331561973634,0.0,0.0,504
0x00cc1cf9b3c95b432a90878bc2c2dbb7a3daaccb,4,1,1,1,1,0,1.0,0.0,5899124788444130.0,499561941550621.0,499561941550621.0,1000
0x00cc4cae4ce9cbd5c87f877b1c81acb8cc8bf223,2,1,1,0,0,0,0.0,0.0,19233383209.042976,0.005572931989627384,0.0,502
0x00cd259a3e1a649e8644d527d6b9a8fdf8165e7f,1,1,0,0,0,0,0.0,0.0,1835970879560.9558,0.0,0.0,502
0x00cd45dcbe9c167b5942f8889d31dc1388cfd172,6,6,0,0,0,0,0.0,0.0,1475793111344059.0,0.0,0.0,512
0x00ce22866efe39c055ff21bda32b179a7683ab5f,4,1,1,1,1,0,1.0,0.0,7576732301250012.0,2502302775000004.0,2502302775000004.0,1000
0x00ce56c1f4780f46309b52054454a9ec913dd31e,2,1,1,0,0,0,0.0,0.0,99.91782190440546,38.88840267107504,0.0,502
0x00cef331edda6c750fe87c52d829df082973693f,1,1,0,0,0,0,0.0,0.0,171237229383.0004,0.0,0.0,502
0x00cf963f89e7d1a23c5c72dce92a9a8c600f4819,1,1,0,0,0,0,0.0,0.0,1.0999505356084007,0.0,0.0,502
0x00cfbd5d2e36dd8182318a074cb1f399b608bfec,12,4,2,4,2,0,2.0,0.0,188868901791365.03,100.1714760799368,99.93785194250776,720
0x00cfc6f8ff843a9b0b30f14e2310396a8743f5fc,1,1,0,0,0,0,0.0,0.0,1079024702867.3523,0.0,0.0,502
0x00d14484c10aaa9b981068a8c7d25d2d26629be8,1,1,0,0,0,0,0.0,0.0,99068463.56514105,0.0,0.0,502
0x00d1c49844f3a2b3708ce59292f68570eef06286,2,1,0,0,1,0,0.0,0.0,880701568597760.9,0.0,0.0,502
0x00d1dd1e437980fb6e678cfc2ffc78a1f7a747d1,1,1,0,0,0,0,0.0,0.0,44.14147259087789,0.0,0.0,502
0x00d2432e6af76a8150a7609d7ff11dbe44de8e14,7,4,3,0,0,0,0.0,0.0,223836287531.31323,337985731479.4311,0.0,508
0x00d278f3163bf68e67b2eb05ef209e6f28bc7924,1,1,0,0,0,0,0.0,0.0,1.0365683800780643,0.0,0.0,502
0x00d29fbc981d05edba69bc0909e391a132271357,64,7,7,10,40,0,1.4285714285714286,0.0,1.3774858064953296e+17,930221129116758.4,78123.01169678957,1000
0x00d353a1b6e1a3b3a23e849c5d51772bb7fdaece,3,2,1,0,0,0,0.0,0.0,2238362875294.743,559590718823.6858,0.0,504
0x00d3addc7cb1637c73359d41949a1a369d7f092a,107,36,19,23,29,0,1.2105263157894737,0.0,4.476504318933599e+16,4.62633429940279e+16,5.374092846969481e+16,1000
0x00d3ecff51b5e5b957c33c5656486ebfd60e58a7,46,18,10,7,11,0,0.7,0.0,1082857601652414.8,145105864919828.53,144024387125529.3,1000
0x00d46d105507a04d7e4592cf43bbbad964bc77ab,8,3,0,0,5,0,0.0,0.0,5.6903143458031304e+16,0.0,0.0,506
0x00d5201c4def4d1a199c63e07eac53f43252a0ea,17,5,7,1,0,4,0.14285714285714285,0.23529411764705882,359191951227493.56,269209435193583.88,86.03058758108271,461
0x00d5615d3446b1719e6ee0684218891bc5a2100c,12,7,5,0,0,0,0.0,0.0,4531209416330.505,361.65830529218937,0.0,514
0x00d56e1bba3db460563516119dfced085898e17d,1,1,0,0,0,0,0.0,0.0,1696552000619.3167,0.0,0.0,502
0x00d6cad0eb8fe405b4c27ca2071b0d0653b9c2fc,41,8,9,13,11,0,1.4444444444444444,0.0,2937.3035838079186,562044959557406.94,503789464280961.56,1000
0x00d7a50850a3cb1890bf300682bcd789571c012e,5,5,0,0,0,0,0.0,0.0,6017497898911831.0,0.0,0.0,510
0x00d831f24309b3271297f19b8e9be846c8c531c4,141,56,24,14,47,0,0.5833333333333334,0.0,3.327704591248377e+17,39091.72953220172,39076.04165362402,1000
0x00d841275b1a04ea45e29273efa213c4a59e84a1,10,10,0,0,0,0,0.0,0.0,227050679250263.1,0.0,0.0,520
0x00d88be14e08e06865b156bb489e020a59cb68fe,1,1,0,0,0,0,0.0,0.0,991182558918.0001,0.0,0.0,502
0x00d8a0f305698083d8af5a8b900b3b947f604b55,2,2,0,0,0,0,0.0,0.0,1.9882068418718486,0.0,0.0,504
0x00d8dc2f6648dfc0472a673d85f4bc022d5cd17a,5,2,2,0,1,0,0.0,0.0,1141494439525.64,228298889274.69983,0.0,504
0x00d913a96a6ae3ffbd52030020e8b743f97ace86,3,2,0,0,1,0,0.0,0.0,66163255055508.93,0.0,0.0,504
0x00d94da07ea932ed8426e8dfd06615bda49b8022,36,16,12,4,4,0,0.3333333333333333,0.0,410969130649603.4,1067283154126772.9,1689.0744748360498,594
0x00d9acf1d63eae19a1b0e416be85dd7754298ffc,3,2,1,0,0,0,0.0,0.0,503676969285894.75,146301116317500.28,0.0,504
0x00d9d164c3cdc126d33d541fe6e0cd55f4d4ed63,21,10,8,2,1,0,0.25,0.0,874418840810139.8,361764198841374.1,126.30183554702282,552
0x00da65b9d6ea469301021381f9b16cf3e80fa8b1,270,111,59,56,44,0,0.9491525423728814,0.0,3.048982619482952e+18,3.0056675055339325e+18,2.878787144423206e+18,1000
0x00da855f0f8924c454c93ea7c5d5d96757e1e652,2,2,0,0,0,0,0.0,0.0,2139571431526.0708,0.0,0.0,504
0x00da9446b29e3d2424b9db0c7e701ad33fdfedf4,4,1,1,1,1,0,1.0,0.0,1.0589345472070206e+16,998862559621232.8,997252271942498.2,1000
0x00da96f79c5969a61b5b15c6f5f800d760fad316,1,1,0,0,0,0,0.0,0.0,221434314757.63922,0.0,0.0,502
0x00da972a32c522b02771520fb5e70fcb056927fb,2,1,0,0,1,0,0.0,0.0,1.1483197704743843e+17,0.0,0.0,502
0x00db170287aaa8a93b08cda808af76d11a5f0fff,26,11,8,5,2,0,0.625,0.0,7.887151638333579e+16,1.3623905972504456e+16,2.252083081964877e+16,1000
0x00dc7f0ff419ed1634728a77146c6754541d2b82,25,8,6,3,8,0,0.5,0.0,701495446980590.1,760.8647579185694,758.8519043212775,582
0x00dcb0f4d625ca40a0f0cd2f45bbdbd343198793,20,6,4,4,6,0,1.0,0.0,2.528601887539579e+16,3.007717154204459e+16,3.196658488853559e+16,1000
0x00dd72466c9bc28c9765b406ea147c1e15dbc7ab,40,25,8,6,1,0,0.75,0.0,3406787079826082.5,2738163754839279.0,766654990138308.8,1000
0x00de3a8bdee6e682c3509d66a947d05a8ca797af,4,2,2,0,0,0,0.0,0.0,2273047587668.7935,304104229889.2108,0.0,504
0x00df64b8044aa7126e0f88f286b3c483c5e5927a,2,2,0,0,0,0,0.0,0.0,1778051555486.3438,0.0,0.0,504
0x00df99e12315cac90f49527b07d753b7fe9faccd,6,2,3,1,0,0,0.3333333333333333,0.0,226753797124.98285,106371307449.11824,56460663101.27231,1000
0x00dfae7aeadc69fce49cf389d2bee4aae67aa656,2,1,1,0,0,0,0.0,0.0,26901679480.00005,5002698327.107256,0.0,502
0x00e10883490fa8ed8e9cd59177a54d45cd025ef9,1,1,0,0,0,0,0.0,0.0,1.113233990293619,0.0,0.0,502
0x00e14bea17f4e951fb695c52a66b3429da55a117,49,28,0,0,21,0,0.0,0.0,3302907363627835.5,0.0,0.0,556
0x00e1ac868592c1fd51ed72abca14930075ed892f,3,2,1,0,0,0,0.0,0.0,15347413318798.65,5251649352211.658,0.0,504
0x00e22b85d329650e35a9d664b7c408a57820f13f,156,56,20,15,65,0,0.75,0.0,1.6498463602368653e+17,2.3571559019889476e+16,83500.32051893594,1000
0x00e2362abcebe7833138bd460000ba5d4f6ee1e6,51,19,10,7,15,0,0.7,0.0,430.914324359393,196.63106207192288,222.53435898899676,631
0x00e294652292776e4d59f416ef35a73cae0e01dc,2,1,1,0,0,0,0.0,0.0,2.5720220727106624e+16,6995.900137102876,0.0,502
0x00e3088ddbd715f119651a58964ce1714b590f34,3,2,1,0,0,0,0.0,0.0,138.79251032762087,1.0354593794868085e-06,0.0,504
0x00e3df1133185a9effedabb79003d9c07ca69bc8,2,1,0,0,1,0,0.0,0.0,10973.339853753077,0.0,0.0,502
0x00e421ba23dbe6a165255be382f46fcb927f8951,2,1,1,0,0,0,0.0,0.0,1926.0919283912986,1263.5165051468857,0.0,502
0x00e4f6071dcfc268ed4487e2a004d01e3666107e,110,63,32,6,9,0,0.1875,0.0,6.614343256220458e+17,5.2306597271627424e+17,3.355899289307505e+16,1000
0x00e61c3f169f0b2888137918053bdadda121bb44,1,1,0,0,0,0,0.0,0.0,1.1099623983338456,0.0,0.0,502
0x00e61fabc261401d3c47b6178e86449ae9890d73,3,2,0,0,1,0,0.0,0.0,2134235354896322.2,0.0,0.0,504
0x00e650676a38478b3eee9e3eb741a6075b2c95c1,12,0,2,5,5,0,2.5,0.0,0.0,6.408603689416626e+16,1.2834315183109443e+17,1000
0x00e678b0cdae186eb3c4b08cfe3d1a698882c0af,38,20,9,4,5,0,0.4444444444444444,0.0,5190416818100829.0,2971856416572083.5,3188648845775894.5,1000
0x00e6f654a108a16077be41abab58c3353f90e7cc,3,3,0,0,0,0,0.0,0.0,1368759194668.0566,0.0,0.0,506
0x00e6f8d8fb80b0c302a6bd849b79982dc9945b15,7,2,1,1,3,0,1.0,0.0,223.29451024134173,120.76691868756909,119.79096167693628,608
0x00e7092c338d69f7ae230081d862d347ef9dcf1e,10,5,5,0,0,0,0.0,0.0,339449239986661.0,131759148751545.03,0.0,510
0x00e839bc0c9a130afe30974914c4b0100756cff4,468,278,82,29,79,0,0.35365853658536583,0.0,2.68503548521092e+18,1.4114499385738202e+18,5.4063585675781464e+16,1000
0x00e87eb4a651f339219658165b87c204de6a7e5f,1,1,0,0,0,0,0.0,0.0,1.055954811849387,0.0,0.0,502
0x00e8909b79b3d40af0f22e37f81c9e3e9187d853,1,1,0,0,0,0,0.0,0.0,1334062809024.2732,0.0,0.0,502
0x00e8b7df725ce993f179f071908a9d687815f2ba,2,1,0,0,1,0,0.0,0.0,1047.6072956680778,0.0,0.0,502
0x00e928ef44122d31043f772b00b0d1821b020ff7,1,1,0,0,0,0,0.0,0.0,1.8624182196104786,0.0,0.0,502
0x00e979f43658ae9cfb838b07d4b3bc70f12b93cb,52,19,10,18,4,1,1.8,0.019230769230769232,1970742324667938.8,2307.5328761615806,49.81831946111672,763
0x00e97bf0997013cc741dbcaafba8f439d474c879,1,1,0,0,0,0,0.0,0.0,1.0324720674673025,0.0,0.0,502
0x00e9ba3dc1ebd6f585b9f5bf8a33a975b5f8a7de,10,5,0,0,5,0,0.0,0.0,950920641986.8105,0.0,0.0,510
0x00eaa7d80b05144a928492bb83b82cfa5e2914cd,1,1,0,0,0,0,0.0,0.0,1.0045574342015227,0.0,0.0,502
0x00eacbbd373a91aa0d4485b0beb45b14816f835f,1,1,0,0,0,0,0.0,0.0,1.1097692926991918,0.0,0.0,502
0x00ead164c58ccf3d8fbe9aab4c806477db62e599,1,0,0,0,1,0,0.0,0.0,0.0,0.0,0.0,500
0x00eadb769d931de24bb9252c3cc3a6f8de3f86cb,16,5,3,3,5,0,1.0,0.0,39.34126681239272,19.369367317146992,19.3533013796151,619
0x00eb8dc1785a096d7006ca9c64aa4ad5f2706691,1,1,0,0,0,0,0.0,0.0,0.01154739760309265,0.0,0.0,502
0x00eda101a3b10f7164cce8ecdf305b1317ca0669,6,5,0,0,1,0,0.0,0.0,406196794382601.75,0.0,0.0,510
0x00eddd42021ba97a37097ad4286b893b206e12bc,56,18,6,14,17,1,2.3333333333333335,0.017857142857142856,416604536382102.3,4249.727124721057,4206.573939070535,844
0x00ee45c909dee53b4cf6af3a5fc3739cd2f9f2a3,16,10,5,0,1,0,0.0,0.0,1.7854467209673658e+16,1.2082781400394026e+16,0.0,520
0x00ee80c322d6e956d2629a73223605bbda946f2d,3,1,1,0,1,0,0.0,0.0,111918143764.73717,99622084078.37088,0.0,502
0x00ef17fb802141f4a12026c4492bafc43d8ab85e,21,10,9,2,0,0,0.2222222222222222,0.0,290707229814975.7,23125577465968.805,23053422907690.64,1000
0x00ef8b0cf8f81c2b40fc9233b16f2c21cd4f6f15,3,2,0,0,1,0,0.0,0.0,194.38938103081006,0.0,0.0,504
0x00f00fa5ba62e19615bbf759b7155de7ba96f27b,28,17,2,5,4,0,2.5,0.0,3.5836590692346028e+16,7840.734118076705,1222.3564940705082,811
0x00f14df956a8e0b34e0c5bddb6e39dec48ec7baa,5,1,1,2,1,0,2.0,0.0,1044025918218001.2,500.01905492962896,505.76971381628994,713
0x00f16ddf3034436fc981194a0192044ce90aa4c1,4,3,0,0,1,0,0.0,0.0,790637953596316.0,0.0,0.0,506
0x00f3fb9d81506fe69f504fa12325d1559280d635,2,1,0,0,1,0,0.0,0.0,1719.0065564120528,0.0,0.0,502
0x00f4765d1e007cefc091d84c2bcd1c16ddcc2c87,28,9,4,5,10,0,1.25,0.0,4591936956175083.0,7996.077245277083,7949.90046915934,737
0x00f4fa7ac6f012e7e65d325022ba1397a83ca694,5,3,1,0,1,0,0.0,0.0,281759369179221.4,68232136634862.35,0.0,506
0x00f5481262d4845b292ba0c41752de258b3bbeec,83,27,10,9,37,0,0.9,0.0,1.1405261333223483e+17,1.8506393879090456e+16,1.8475238251379156e+16,1000
0x00f57a995e566fa107d36ca5443629c7bee31213,3,1,1,1,0,0,1.0,0.0,480931472.3668731,120232870.39150946,120232870.39150946,1000
0x00f63722233f5e19010e5daf208472a8f27d304b,2,2,0,0,0,0,0.0,0.0,50784923551189.37,0.0,0.0,504
0x00f656a2953a15ddf8d9d9726b67dd4e61f238b9,17,5,3,3,6,0,1.0,0.0,103790351185662.14,46101572611501.16,45751702687184.72,1000
0x00f6c46a5e9b0613ededa94072f065e46bc8176f,3,2,0,0,1,0,0.0,0.0,1.7015523083151026e+16,0.0,0.0,504
0x00f70714e95b8d092546acdc8e52a02d6eedc934,1,1,0,0,0,0,0.0,0.0,1341.6742115505008,0.0,0.0,502
0x00f72bb4bd6c353685bed9077422dbf3d85e80a1,3,2,0,0,1,0,0.0,0.0,759304447465430.6,0.0,0.0,504
0x00f731bcd3a8d541a040a7586ff3d03dea48e31f,2,0,0,0,2,0,0.0,0.0,0.0,0.0,0.0,500
0x00f777857b95c1d0fe7564ae343d1a00c80b38f1,229,108,45,27,49,0,0.6,0.0,1485222315297447.8,200665305501168.2,47998571152472.48,1000
0x00f83f560dea6e8317900beabc89be027da154f8,6,4,2,0,0,0,0.0,0.0,360142628400614.1,67473144444879.95,0.0,508
0x00f863703e78916a4487fcbfbda7a6944fa86538,4,2,0,0,2,0,0.0,0.0,267.0496468963085,0.0,0.0,504
0x00f8a06340b52aee151b871a915c06af3c053470,363,177,101,30,55,0,0.297029702970297,0.0,1769433946985911.8,605472985743363.8,86454536442228.75,1000
0x00f8b6bf7cf6b0a173e14abc3d687dd03fe16bb0,1,1,0,0,0,0,0.0,0.0,421998360140.68695,0.0,0.0,502
0x00f8dcbf7f64e30efff649bd9f137af0eb80e4da,5,1,2,2,0,0,1.0,0.0,14931035691624.041,3.3809581430048166,3.3860141834590083,608
0x00f8dd0e37d5077fa256fadbaa216d9088a708e6,2,2,0,0,0,0,0.0,0.0,3196922247352.163,0.0,0.0,504
0x00f9126faecd227f6cd0ccba36865c9a7c55ff24,2,1,1,0,0,0,0.0,0.0,51739002596.77932,4976319416.746328,0.0,502
0x00f9a33dfedbc3bddfb6ef4380dacfd9352c4d15,2,2,0,0,0,0,0.0,0.0,2.0083346351561664,0.0,0.0,504
0x00fa8021f0c2157ab005dd41b11d49ea30d7893a,1,1,0,0,0,0,0.0,0.0,1014320526010.2402,0.0,0.0,502
0x00fbef9f0f9b0b6421c264a2020f14bca80291ca,4,1,0,0,3,0,0.0,0.0,401015.8751216895,0.0,0.0,502
0x00fc6300b77a8ea902d576eafaa9ba40daa7c415,19,11,8,0,0,0,0.0,0.0,29479444216272.99,10151695382934.818,0.0,522
0x00fc9abc1ae9d1b71b89fd285cb6c73129f6da72,2,2,0,0,0,0,0.0,0.0,4603343137112.673,0.0,0.0,504
0x00fcad795d8a753c9064126b78cf0330436da09b,2,0,0,0,2,0,0.0,0.0,0.0,0.0,0.0,500
0x00fce3e318dfc490be549b266e85af457ee3d65b,1,1,0,0,0,0,0.0,0.0,1.772510298196745,0.0,0.0,502
0x00fdcbab290f89f3d03a21b1fa17fdd64bd2f1c8,1,1,0,0,0,0,0.0,0.0,135993418453.17621,0.0,0.0,502
0x00fe37d2589cdec3cf55afaf4a482bca6b7b0ae6,1,1,0,0,0,0,0.0,0.0,1163208265024.3665,0.0,0.0,502
0x00fea8ef6f337ce6aa8b5bb7086ace94dd0434a7,4,2,2,0,0,0,0.0,0.0,130358233387831.22,361700250742.65314,0.0,504
0x00ff162742cd72f0a726cf90138a832ab5f0d48e,2,1,1,0,0,0,0.0,0.0,22547631646.800026,4639430380.000006,0.0,502
0x00ffb2daca4977f6edb65b21c21184eee6a5a72a,2,1,1,0,0,0,0.0,0.0,113652379383.43968,56826189874.12618,0.0,502
0x0100569d3daa2d258f8b21d4ec833ed21d2ff2dd,70,70,0,0,0,0,0.0,0.0,250627353.33266553,0.0,0.0,640
0x01017b2d24a37f5c74bc2291eb8743937aad1ff6,2,2,0,0,0,0,0.0,0.0,1129516629752.159,0.0,0.0,504
0x010286f16ec2f351c7575caf45c07d758a184793,2,2,0,0,0,0,0.0,0.0,989659170423.7035,0.0,0.0,504
0x0102b4bf6272eae55dffc8008ba81ac2bab58ca0,3,2,1,0,0,0,0.0,0.0,265.56679043364267,180387934654249.7,0.0,504
0x0104712abf87649bc5a0844b490fcf924f76da81,1,1,0,0,0,0,0.0,0.0,164516413612.38647,0.0,0.0,502
0x0104b9e629be9b419a5f0b4974de5e8f2bb06399,15,6,4,2,3,0,0.5,0.0,258518447772683.3,34542599982289.426,34421172847487.18,1000
0x0104d7a50c942735fd96ed6ab3423cac7e2db0d7,1,0,0,0,1,0,0.0,0.0,0.0,0.0,0.0,500
0x0105c26c5d013bb32223dbb2a4bbd98e9b0c320a,6,2,1,1,2,0,1.0,0.0,88641528234821.94,39.978313418810714,39.911501361069604,607
0x010716be97151c482b999a87477aca6b2d122ed1,1,1,0,0,0,0,0.0,0.0,997646822296.7708,0.0,0.0,502
0x0107aacde8714bd13357fc856d6b93b3f8b543e9,130,59,28,21,22,0,0.75,0.0,2.786222119382521e+17,3.1502060275478236e+16,3.1443709295296904e+16,1000
0x0107e33b5776e3052fdd624d6246df4f1d8ecddd,11,0,2,6,3,0,3.0,0.0,0.0,946429.4609102039,1892859.4618354687,1000
0x01080306fab7721ae1dbff1909df46b92a2c0b8c,73,24,23,14,12,0,0.6086956521739131,0.0,32778520433298.77,1023.4078896939797,1026.909688696859,661
0x0108678baac8accdcbff80294564f74725330907,25,19,1,1,4,0,1.0,0.0,2.213316833442753e+16,1000670865323591.9,999611922202629.0,1000
0x01087080dca984b607e1ebf263330431f979e528,49,17,14,9,9,0,0.6428571428571429,0.0,4.198169260006402e+17,3.132553372076206e+17,2.6470571358614848e+17,1000
0x010a078ff877852f0f18b6a910f7964ff18498f4,1,1,0,0,0,0,0.0,0.0,1026157532892.4052,0.0,0.0,502
0x010afb8548a5d1a3a3d62f58ca0a5a1329974206,11,8,0,0,3,0,0.0,0.0,416427808420060.1,0.0,0.0,516
0x010b19435d2bcae650c41af62440e2de08444026,5,2,1,1,1,0,1.0,0.0,24294561500013.32,2503978406054.666,2562769533271.2437,1000
0x010b7eb359ff40fd261ac917003dc21058c32055,9,5,0,0,4,0,0.0,0.0,409468088478139.1,0.0,0.0,510
0x010c9d0abf2925400c37ee688215d34dd3e1ec08,69,69,0,0,0,0,0.0,0.0,240474432.2547145,0.0,0.0,638
0x010cb104dc1ce1cf2010ee993c74aa347271a686,1,1,0,0,0,0,0.0,0.0,9.79538515017366e-05,0.0,0.0,502
0x010d23b534006f4e4f174a7530d7d9e3c131732a,92,53,11,6,22,0,0.5454545454545454,0.0,1.472168400525036e+16,5521070700968625.0,5346643903873721.0,1000
0x010da4bb5ed14c387bc92de075b58e2d0cee23b1,17,1,5,8,3,0,1.6,0.0,119392356645.91031,3784229731082494.5,7568354960226538.0,1000
0x010da5ff62b6e45f89fa7b2d8ced5a8b5754ec1b,2,1,0,0,1,0,0.0,0.0,3307026154413.869,0.0,0.0,502
0x010e0d20b256620b6ab77729c8152112e0b78561,8,1,0,0,7,0,0.0,0.0,1019986253213552.0,0.0,0.0,502
0x010e3a3a9aaf3d8ee76b26d154f8c16c970f477e,3,2,1,0,0,0,0.0,0.0,1136523793836.4153,227304758766.87936,0.0,504
0x010e86d5c98a9bf2d232a3a73ea289a79b545b16,1,1,0,0,0,0,0.0,0.0,1.1104285128015465,0.0,0.0,502
0x010e891bf7045dd54a0a70b96a77c7b4cfc24640,1,1,0,0,0,0,0.0,0.0,142453981198.0101,0.0,0.0,502
0x010e92ac8b581c760a4f3c877a4558e8cc278c70,16,4,3,4,5,0,1.3333333333333333,0.0,1093.181682627797,1574.410015546861,2225.249358086542,675
0x010eefc75fce6c266573960812b987fa22b6c64e,4,1,1,1,1,0,1.0,0.0,7371382140679512.0,2236716805652939.2,2236716805652939.2,1000
0x010f6b049a5e8e963060b283486795630e5d83e2,10,3,5,2,0,0,0.4,0.0,1.3601671410106052e+16,49155974957991.78,48504624888084.63,1000
0x010f995c1f0784b39865fb0dbeaf98311f3cc52c,2,1,1,0,0,0,0.0,0.0,237105240531964.4,22.440321322935002,0.0,502
0x01102f208a263a1b3844a1bfac5444cbfe7d052f,30,11,5,5,9,0,1.0,0.0,676422604413929.8,594191457133392.9,592049790503338.2,1000
0x011128170cd4f77f90af9dbb7501b10112efb31e,1,1,0,0,0,0,0.0,0.0,1310381778169.6733,0.0,0.0,502
0x0111aa45d978c43bdee2b7690e33c65648fc06cb,1,1,0,0,0,0,0.0,0.0,195750422906.40036,0.0,0.0,502
0x0111dcc6fc2df10b1145fdcfed2bcf1b1c00de91,2,1,1,0,0,0,0.0,0.0,11302775100.117666,1130277510.0117667,0.0,502
0x01139728b71405424f148e82c090f9097ba69e2c,1,1,0,0,0,0,0.0,0.0,80.34714022104451,0.0,0.0,502
0x0113983234c06a01834e6c173efab06f04de2122,1,1,0,0,0,0,0.0,0.0,1.1076096210594124,0.0,0.0,502
0x0113e5d1ca256159d7e7f37fd334ef1f7ee5d39b,1,1,0,0,0,0,0.0,0.0,1.0648394218545296,0.0,0.0,502
0x0113e5f85ae18da390377823825946fc45582d1f,12,7,2,1,2,0,0.5,0.0,2140209620818077.8,1701293961905973.2,1722126646690232.8,1000
0x0114572c98f3756064b4be09cf02f05ef7f867a6,2,1,1,0,0,0,0.0,0.0,135748462369.51283,13574846236.951283,0.0,502
0x0114d2ec12d3c70f90d9a9d827930c66b435c61e,1,1,0,0,0,0,0.0,0.0,14439976739.341688,0.0,0.0,502
0x01151b41131ed0bc3268dad9be8fab765205bd71,2,2,0,0,0,0,0.0,0.0,344117578812800.75,0.0,0.0,504
0x0116ed59d76aaaf9ab5ef88807ab33b24df36efd,50,43,2,2,3,0,1.0,0.0,6880012932795308.0,5618461046536502.0,5737292361883001.0,1000
0x0116fdba1f1dc87f91fcafe2fb365ca829cee686,223,95,64,26,38,0,0.40625,0.0,6.980958914168209e+17,1.4887115643735334e+17,1.1767808854388611e+17,1000
0x01173bd5895acf19c67f6170f15d503d4153cf04,43,17,0,0,26,0,0.0,0.0,4.93993775041828e+16,0.0,0.0,534
0x0118473b89b9b267953921c26760394db9da6ec3,2,2,0,0,0,0,0.0,0.0,3232907574609.4443,0.0,0.0,504
0x011a62dc7a6c2969a764ec1acd67081029100d57,3,3,0,0,0,0,0.0,0.0,974339286805.0564,0.0,0.0,506
0x011b042a0573972f547b885c86279291b04c6020,41,12,11,7,11,0,0.6363636363636364,0.0,3019809314596612.5,1465288269067776.0,904130110461427.5,1000
0x011b552b17d1a78af3be9f5b9fa85b6d66fc7dad,15,3,3,4,3,2,1.3333333333333333,0.13333333333333333,53986423392451.04,90494220719110.89,22480289575088.996,1000
0x011b7c26193af783f967621d9be90a8bc6a9abd3,2,2,0,0,0,0,0.0,0.0,2039405320595.7107,0.0,0.0,504
0x011c3a587254b7312d78f2c8ba5adc41a1ed1357,234,66,40,48,80,0,1.2,0.0,2.7173049023298612e+16,2457500658806285.5,2453721883107786.0,1000
0x011c8e8496801c553b480c7fb8a34eb729b18537,1,1,0,0,0,0,0.0,0.0,1105278294883.4258,0.0,0.0,502
0x011d826f9ced58896b8046e7afc995f366538cce,5,5,0,0,0,0,0.0,0.0,4560847608552.076,0.0,0.0,510
0x011e2c14c24fdac66a77802061d8ea26814e5154,2,2,0,0,0,0,0.0,0.0,66.60225098690415,0.0,0.0,504
0x011e3916f0932f0c0b62261e03b729eeb4e8da85,1,1,0,0,0,0,0.0,0.0,1.0018443326601196,0.0,0.0,502
0x011e6bf0b2fccc01f137cfe776e1b1121f31fbaa,83,17,16,26,23,1,1.625,0.012048192771084338,1.6860200485704784e+16,1.2117168670675854e+16,1.4760034497993356e+16,1000
0x011e835885e78d9f1c92e580dae0e142a33cf25e,4,1,1,1,1,0,1.0,0.0,361161952800.00037,0.14160786581095505,0.14160786581095505,605
0x011e8572c0e339b659add9fbf24ba1328cde7ca9,1,1,0,0,0,0,0.0,0.0,177948150137.10947,0.0,0.0,502
0x01209fa47cd0bf3f6b7d0ecf8598e031f57a7543,4,4,0,0,0,0,0.0,0.0,52190415838779.26,0.0,0.0,508
0x01212602bb6ef285d7fca99430283ba780fe5950,5,2,1,1,1,0,1.0,0.0,130686885115817.47,65430512899777.27,56999294351899.39,1000
0x01213e995cd6272ebbb929311b50787296f25600,52,15,14,8,15,0,0.5714285714285714,0.0,6433459285877834.0,967825303352431.1,1039472347412840.1,1000
0x01214a235c6767040c8fef6bd33519a6c7ad79ae,313,45,157,85,25,1,0.5414012738853503,0.003194888178913738,6.588193100558972e+17,2.779610745139075e+18,7.547872579166685e+17,1000
0x012186399add91fcdc4504bcd9c44a2169d4b32c,1,1,0,0,0,0,0.0,0.0,4.98131722641922,0.0,0.0,502
0x0121a5499577090838ac2d987c2fab300ab13858,2,2,0,0,0,0,0.0,0.0,1.2499338789889316,0.0,0.0,504
0x0121ce9b0af57bd51a9e2d2534175a9c4a949975,3,3,0,0,0,0,0.0,0.0,3527581039175.784,0.0,0.0,506
0x01222a114552e89e4c548170f8c1f4d5460d255a,284,137,37,31,79,0,0.8378378378378378,0.0,3.34052491806405e+17,964069113200200.5,197755.99163309994,1000
0x0122a648094d10ea18ae72673aea0334fae4d3a5,227,145,20,25,37,0,1.25,0.0,1.1178146930426694e+18,8272859577220302.0,8263342962417764.0,1000
0x0122f83912932a2d3631340168795c42b6716290,2,2,0,0,0,0,0.0,0.0,3.0576429622762773,0.0,0.0,504
0x012430f934bc381d9f59a28ea34363bce170353d,5,5,0,0,0,0,0.0,0.0,20681920556137.855,0.0,0.0,510
0x0124fd98566fb966d118bfb70650cac960dd6c2c,3,3,0,0,0,0,0.0,0.0,1.3295086188353893,0.0,0.0,506
0x01253d735f350afc426335560251171367cd095d,1,1,0,0,0,0,0.0,0.0,27074263774.67628,0.0,0.0,502
0x0125c79621229bd96a4fd6c71b7a8d276fd5db97,9,5,2,1,1,0,0.5,0.0,463605369151940.94,158.01154306741097,157.71116688439605,564
0x012668a6f1b462d55bb77bdd4dec5c8e57463e43,1,1,0,0,0,0,0.0,0.0,1145522560395.9358,0.0,0.0,502
0x01270d19f1b70c3f24efb57d28974b3d664dd7e6,1,1,0,0,0,0,0.0,0.0,1141419567316.5513,0.0,0.0,502
0x01281a8e31e2ac1bae55a69a7c962f526fa64f00,8,5,2,0,1,0,0.0,0.0,61205054393667.56,17311727247033.828,0.0,510
0x012867f22e00f6f4c97def7e159ed9a57617af62,1,1,0,0,0,0,0.0,0.0,1010964156999.8684,0.0,0.0,502
0x01287cf199456d0a57de078447a560f6449f09ff,1,1,0,0,0,0,0.0,0.0,1061641617203.4955,0.0,0.0,502
0x0128883953744d1d302421534757fd6f2d8ba88a,4,1,1,1,1,0,1.0,0.0,1395084798811971.0,500705490892430.3,500705490892430.3,1000
0x012916ed48b20433b698cb32b488e52c639a2a66,61,19,28,7,7,0,0.25,0.0,4705624889843326.0,1256211894162794.0,1046054362382505.0,1000
0x01299d506f8bbb51eb94f6912c96a0c61ce9d1c1,1,1,0,0,0,0,0.0,0.0,1131278309620.8362,0.0,0.0,502
0x0129ba41a907ac27f7683d291576f2e74362c421,17,11,3,1,2,0,0.3333333333333333,0.0,1653709039896348.2,596687881969438.5,90.806544007121,559
0x0129feef1eadb4e77e2d3de7bc352e3050bb306a,1,1,0,0,0,0,0.0,0.0,191031244129.77643,0.0,0.0,502
0x012a5020505f00adb2ba6d4a447951d497a35a7a,1,1,0,0,0,0,0.0,0.0,1565540966734.7144,0.0,0.0,502
0x012c597fca480b9766d52e4c1e5d4c0940982abe,4,1,1,1,1,0,1.0,0.0,4091955023520004.5,698.5720059500007,698.5720059500007,611
0x012ced3e78c1a70e156537e580f6fed3954b2e84,36,19,8,6,3,0,0.75,0.0,964452437066030.8,12635560678376.902,9422656951136.924,1000
0x012d85c98a50cc2340e39668b6770e4fcb71342e,2,1,0,0,1,0,0.0,0.0,1001.0548486833263,0.0,0.0,502
0x012da78f4ff0bb8cf0b017bbc5e9ac19ae5cfaa4,1,1,0,0,0,0,0.0,0.0,270521373894266.3,0.0,0.0,502
0x012e168acb9fdc90a4ed9fd6ca2834d9bf5b579e,7,4,1,0,2,0,0.0,0.0,5778459252690378.0,3231675264790112.5,0.0,508
0x012f15e260f6275bc8e62be475adb07549765e70,4,1,1,1,1,0,1.0,0.0,5807668478536949.0,2300189266360003.0,2300189266360003.0,1000
0x012f638dab4959ebadf779a6e775111893d7d922,1,1,0,0,0,0,0.0,0.0,0.01363186644012902,0.0,0.0,502
0x012fefa16a3baad884834385a0988378852d00bc,7,2,1,0,0,4,0.0,0.5714285714285714,33825675014717.688,11.279165583055871,0.0,369
0x01301d186d9e2c3a4091ca1ed95c3719b437c7c7,7,4,0,0,3,0,0.0,0.0,271703716858275.88,0.0,0.0,508
0x01309200a32bb6b968aaf4ba20367d091fc7adbb,61,31,28,0,2,0,0.0,0.0,7.327157169736216e+16,5.607941138431204e+16,0.0,562
0x0130b68a18a612892374e1eefbb0697a291215f1,13,4,5,4,0,0,0.8,0.0,7584928096789063.0,249195453329709.78,251438017080905.16,1000
0x0130d50430776e5f0f7517f6bfa9650fc712b879,5,3,0,0,2,0,0.0,0.0,3244070667683.098,0.0,0.0,506
0x01319c79cf53aeb6dfa2bf5ddc8a124527016695,3,2,1,0,0,0,0.0,0.0,740773273028977.2,108861646088108.45,0.0,504
0x0132251adf6116fd0272d23aff8ba0dd9dbbf1d2,2,1,0,0,1,0,0.0,0.0,1250.596594500003,0.0,0.0,502
0x0132749dd84ea8a0b242ff61f97ff40f96035df3,10,2,3,2,3,0,0.6666666666666666,0.0,162448791424479.62,65.64845177567749,65.77047502145597,577
0x013274aa75bbc3bd7acff906e564edbbb50dce08,22,10,6,6,0,0,1.0,0.0,1.1741850188942804e+16,459964.9044197196,459964.9044197196,1000
0x0133982c25a8211e1e62d95760999c4b825025fb,1,1,0,0,0,0,0.0,0.0,21867926834.98343,0.0,0.0,502
0x0133a483873163fc5bc916de39abec8baf85657c,14,9,5,0,0,0,0.0,0.0,95024513741346.6,29695160544280.266,0.0,518
0x0133b67aec5d8a3959840385ff6f5aba4f85f894,13,2,0,0,11,0,0.0,0.0,1.8822140040151591,0.0,0.0,504
0x0134600e06c4176fd44a5557d124f5d684e75b28,2,1,0,0,1,0,0.0,0.0,10364.849940202557,0.0,0.0,502
0x01351f573a99ff5cc633f4ee580347974ff8b59c,1,1,0,0,0,0,0.0,0.0,1.1039158183900004,0.0,0.0,502
0x0135249c1897454959da69ac1481df6c1d4023a8,65,25,22,12,6,0,0.5454545454545454,0.0,1.6941254137081254e+16,11123.217974775825,4808.97425990007,688
0x013618ba67d882af8df870d8704e4d317b710dda,1,1,0,0,0,0,0.0,0.0,1.0799665772662739,0.0,0.0,502
0x01361dec98b8d86a584afd90a7c7c3ca0d908539,26,10,7,3,6,0,0.42857142857142855,0.0,5034917041252374.0,4045694476816004.0,4017511628684043.0,1000
0x0136f37e3373f91e6fc2d2ac76f0d01701754fcd,7,2,2,2,1,0,1.0,0.0,927836386081412.8,184603295663525.75,198.26440111849718,611
0x0137973eccabc8f684a7494156d25447ab5747f5,1,1,0,0,0,0,0.0,0.0,24761469788544.758,0.0,0.0,502
0x0138ea4b8ed7e678cabb76a207a968269dda63e4,1,1,0,0,0,0,0.0,0.0,1.0295097415441514,0.0,0.0,502
0x01393a2f8cf06fb5335bf03acb0a4ffa958b5f46,2,1,1,0,0,0,0.0,0.0,42686596304.520065,5012977317.500008,0.0,502
0x01397d68308d2a94865ffe0f84d26e94b6df1234,5,1,1,2,1,0,2.0,0.0,2382.2322489089306,9503999766880.004,10942868325525.393,1000
0x0139ba48945d51628c79f6cd927a2d42107aa8ea,1,1,0,0,0,0,0.0,0.0,996647533224.4043,0.0,0.0,502
0x013a451f558aa0e0ac50b6199ba0e2f6b710369e,48,18,7,4,19,0,0.5714285714285714,0.0,2269163855700235.5,488521618165001.06,9605.731545334611,701
0x013b81ad989b9009f4dab4c804c6007882f9a190,55,26,8,8,13,0,1.0,0.0,8.953594283651621e+16,1.1838583635014026e+16,14035.953486531827,816
0x013bbe7e89333bb26c0959f547adcd77f54ffa80,105,72,18,14,1,0,0.7777777777777778,0.0,3.675134866517586e+17,5.5171096626776504e+16,3.040189884757707e+16,1000
0x013bfceb441762268b2894837c8c1e3774ca4efe,2,2,0,0,0,0,0.0,0.0,2894663215705.8633,0.0,0.0,504
0x013c270b6c893ed986ff69eef37ca5a1c1e59dff,25,10,8,3,4,0,0.375,0.0,44860891923388.02,43.007854498432444,10.553104295323777,566
0x013c8b849edb8efc9a689854b7bc75f2dd1ccfff,9,4,1,1,3,0,1.0,0.0,218117657984674.7,28.00408564476706,28.00140395771168,611
0x013c8fa48e3f11afb5ab1bcb35f2484b299d7136,1,1,0,0,0,0,0.0,0.0,26584470397.483185,0.0,0.0,502
0x013da16ead9075d66102ef98c23432a3af815b20,2,1,1,0,0,0,0.0,0.0,807439694053200.4,403719864882247.2,0.0,502
0x013daec37205c9cb2a3d6bd1f0ca52eccd2bb044,1,1,0,0,0,0,0.0,0.0,1020004296550.542,0.0,0.0,502
0x013e074822e7776516a0c69dce430ec1fdb26c0d,22,19,1,1,1,0,1.0,0.0,2142786274469506.5,1604779392861775.0,1597477239807695.8,1000
0x013e0a9ac418ca71de2b3b8ae7b67fbd13f2ab4a,2,1,1,0,0,0,0.0,0.0,113027751001.17665,45211100400.470665,0.0,502
0x013e68b23bc846a8b7792dd238ba9d387efe3392,1,1,0,0,0,0,0.0,0.0,418650208976553.9,0.0,0.0,502
0x013eeca1e8f5e2ff4de43289cf2e87601bdeb2b3,1,1,0,0,0,0,0.0,0.0,54013308186155.18,0.0,0.0,502
0x013f0bc2b50373e02246a997f4c2cbdc869eea40,1,1,0,0,0,0,0.0,0.0,1518774830.3748498,0.0,0.0,502
0x0140034d523f45a7690404fd2b5d0b6dc2a1c9fe,1,1,0,0,0,0,0.0,0.0,1.1090375174373455,0.0,0.0,502
0x0140c762c812c087e5b63d1f36022cf349628d45,39,18,6,0,15,0,0.0,0.0,1903731575059.9482,746085338884.5004,0.0,536
0x0140e9513def4729d7f7b6a5356ce6c84d7ae75b,10,6,1,2,1,0,2.0,0.0,2225604243857548.5,252.1492068083973,243.79993901122688,720
0x01412c35980761a198995cb985d34fb56e93fe21,1,1,0,0,0,0,0.0,0.0,25075670500.71748,0.0,0.0,502
0x01417e59b64efc0c8727a31f1fbba7c6536307a3,21,18,0,0,3,0,0.0,0.0,1.3731494383360588e+16,0.0,0.0,536
0x01418a07f6e69b08735b717cd6c86fdd8a5ce1a2,4,2,0,0,2,0,0.0,0.0,8682558497628539.0,0.0,0.0,504
0x0141a8d6993a6f4106c4f043ef299ba540ae81ef,1,1,0,0,0,0,0.0,0.0,97647058852424.0,0.0,0.0,502
0x0142bfdf3d08eb9cca160c04e9240d7f9631f2b0,134,23,44,54,13,0,1.2272727272727273,0.0,1.94592090565591e+16,1.3312195606883262e+16,9721951700821944.0,1000
0x014338c7a0342dfc4f90ba2313a782011c8b85e6,1,0,0,0,1,0,0.0,0.0,0.0,0.0,0.0,500
0x0143bd780dab8a7302141c3fdb8ebade1fb56f92,28,12,5,4,7,0,0.8,0.0,540922227707465.8,250949825615482.16,253128621915130.53,1000
0x01445326f7023b6c69eeb0eccbbac6797af3e76c,187,66,54,41,26,0,0.7592592592592593,0.0,3.664756276137382e+16,891812592028611.5,28652.88377608071,1000
0x0144c47df1cc4d52ff115f758918dc42a9db48aa,293,103,49,55,86,0,1.1224489795918366,0.0,7075446253450572.0,479162840320350.6,479698852954927.4,1000
0x014607f2d6477badd9d74bf2c5d6356e29a9b957,8,3,2,2,1,0,1.0,0.0,14.913646017684638,2.0011879464820934,2.0011879464820934,612
0x0146a22337780c55e9d2af2f39139a6174fb828f,15,6,3,2,4,0,0.6666666666666666,0.0,6960536286247026.0,3538947545424323.0,2782499689912854.5,1000
0x0146ef29dc977ea95328d9901a3c686e43b70953,2,1,1,0,0,0,0.0,0.0,111918143764.73717,27419945225.254704,0.0,502
0x01485557c2bc6e26c7187ff4cc38d5d9474405d4,18,6,3,4,5,0,1.3333333333333333,0.0,792433867349.3696,3046.2124729774027,3028.0888195600837,687
0x01485be0b99f0c1949b6c4f1f70affdc39acb154,1,1,0,0,0,0,0.0,0.0,0.9473175091519644,0.0,0.0,502
0x014930c2d8878759763f3ac2a492ff94073fd80f,28,12,3,3,10,0,1.0,0.0,6447435454646176.0,4780.772384981543,4799.208443625581,680
0x0149cf3e60f83fda5da971cf9006f74ed9fe04a3,4,3,0,0,1,0,0.0,0.0,29804490373075.29,0.0,0.0,506
0x0149e057c5cf8e330fa5df824ad3c086ffc1cca9,2,2,0,0,0,0,0.0,0.0,2.1884410308851727,0.0,0.0,504
0x014b0094e8c926067eff9bcf7f28608d80cb3694,2,2,0,0,0,0,0.0,0.0,2.138775939128904,0.0,0.0,504
0x014b8a67819d904922a2cacb104ae1baca6033a8,3,1,0,0,2,0,0.0,0.0,996.7211066167848,0.0,0.0,502
0x014bcbc7ab0eaa72688b91fc2063c50a0a38342e,2,1,1,0,0,0,0.0,0.0,299546239413.5743,0.050240625839302194,0.0,502
0x014cca5a65e31b8eec52bf4210f7ea09bf9c9016,1,1,0,0,0,0,0.0,0.0,50044274.08218871,0.0,0.0,502
0x014d3a4e098ea342fffdacfebf63c464ce4a5d15,1,1,0,0,0,0,0.0,0.0,1.1072536848753969,0.0,0.0,502
0x014d82ea060ff731f208579c978d546b8f692f9e,1,0,0,0,1,0,0.0,0.0,0.0,0.0,0.0,500
0x014d8a9260da47dcf00113bd34482cceac881a9d,6,4,2,0,0,0,0.0,0.0,338672356334846.94,74122410465275.06,0.0,508
0x014dad29178cd0a6bdf32a908c918706e170f1e0,1,1,0,0,0,0,0.0,0.0,61571258964917.805,0.0,0.0,502
0x014e084765a334829a6056eed7dc9df1cc89f08d,1,1,0,0,0,0,0.0,0.0,1192589775032.8687,0.0,0.0,502
0x014ea07861052dfec9fc3416271d0981a4eb0448,1,1,0,0,0,0,0.0,0.0,1026157532892.4052,0.0,0.0,502
0x014f18e2c4cfda68eb2992c1820cf32fe7a6326e,1,1,0,0,0,0,0.0,0.0,1.0174541705676015,0.0,0.0,502
0x014f65b7b97d2014c8a4f1dcb693d4a4fedf87cd,1,0,0,0,1,0,0.0,0.0,0.0,0.0,0.0,500
0x014faf79e95bddd971d309baf891fc064e86f4ba,1,1,0,0,0,0,0.0,0.0,161165621950.25894,0.0,0.0,502
0x0150947ebaa7c4f68efb2d1cd68af3cfa6424a0e,1,1,0,0,0,0,0.0,0.0,9.770896931992205e-05,0.0,0.0,502
0x0151fec7c3cb6b151cb9b34bf5cbaa685fae769c,1,1,0,0,0,0,0.0,0.0,147205759630.72305,0.0,0.0,502
0x01520618c0509a2b2b54ff1319fa4c6d8a8e3581,1,1,0,0,0,0,0.0,0.0,1.0155470126415378,0.0,0.0,502
0x0152667429adfd3ecd2dd6c3d3cfc1e669e67309,21,8,10,3,0,0,0.3,0.0,9337357197362890.0,1616569657911046.8,8630.045714276832,641
0x015281aaee9460e5948a609355f2599464eadf4f,1,1,0,0,0,0,0.0,0.0,12029734691.943127,0.0,0.0,502
0x01531c1ff589c8ae0779562b1fa9095cdb78e084,3,3,0,0,0,0,0.0,0.0,3354418649105.71,0.0,0.0,506
0x01532c3f785c5218b5595b0e13e3b20b6d501924,11,6,2,0,3,0,0.0,0.0,30014648546117.39,11643673954388.947,0.0,512
0x01537ea80bf6c1d2779226fc1acfe93107f8b063,3,2,0,0,1,0,0.0,0.0,1198949116981.3389,0.0,0.0,504
0x015434c7b541466ed441688a8dafcd26b85ff9d1,2,2,0,0,0,0,0.0,0.0,11546999450780.225,0.0,0.0,504
0x0154d25120ed20a516fe43991702e7463c5a6f6e,5,2,0,0,3,0,0.0,0.0,4.6803400000003565e+17,0.0,0.0,504
0x01552561469172eb5910ac83b35f96c92bac63d0,15,8,2,1,4,0,0.5,0.0,1.4226712794060144e+16,1.137047945243826e+16,1.140472807800496e+16,1000
0x01556c82b199759193e21b386b88e3b5e840cc51,2,2,0,0,0,0,0.0,0.0,2156136707053.0105,0.0,0.0,504
0x0155d9e1e729fac583413952d6c4040c8d385584,1,1,0,0,0,0,0.0,0.0,1158216299357.4678,0.0,0.0,502
0x015644fd4f3a0fcef6cc22e25e846a6481777303,2,2,0,0,0,0,0.0,0.0,9896342011.517317,0.0,0.0,504
0x0156f97eb31a8fd1bd26b19741256e77dca29305,3,3,0,0,0,0,0.0,0.0,1071515094010486.6,0.0,0.0,506
0x01582c71b2bacb5b6db18c9d8aee84e8be032415,1,1,0,0,0,0,0.0,0.0,0.09016403728732367,0.0,0.0,502
0x0158e476ea323e78ef35ae5b490c26bcf0eb15ae,1,1,0,0,0,0,0.0,0.0,1.0832008974371772,0.0,0.0,502
0x0158f2bc31131a627cb41b44e7ec4c8a7dbe0613,6,2,1,1,2,0,1.0,0.0,49377322821238.945,56197907768879.875,56197907768879.875,1000
0x015ac33ae866f442ee65b6e0f658132d30e3c673,1,1,0,0,0,0,0.0,0.0,513718528824246.5,0.0,0.0,502
0x015b0bb1bfad0437647e74776a7d649d2e3adebb,4,1,1,1,1,0,1.0,0.0,1628225579700001.0,744.3424624437994,744.3424624437994,612
0x015befb758090caf23caf09dcdc107426bb1f07b,18,6,3,3,6,0,1.0,0.0,4974.48524001945,1954.6110356439915,1954.6125637002094,640
0x015c03bc4c9aa817a6a6759552b809ff54890f19,1,1,0,0,0,0,0.0,0.0,1.011340297665332,0.0,0.0,502
0x015c78dd45b469a2ae94c93b426d283c2ee42849,2,1,1,0,0,0,0.0,0.0,29744610480.0001,4957435080.000016,0.0,502
0x015c7e4760e69bc13fb5cc0df66f0a3375d300ec,1,1,0,0,0,0,0.0,0.0,1.1088535890870475,0.0,0.0,502
0x015fc0f9a30b6353b6ea191d7c4ba6c8aade92d7,2,1,1,0,0,0,0.0,0.0,11365237938.343967,5682618957.804215,0.0,502
0x015fe88d0d4787574aaf5af64726252484365338,14,4,2,2,3,3,1.0,0.21428571428571427,29691549301604.266,5820564656727.966,4467060229437.901,1000
0x016005883a46adc829445c752df6e957dec2c7fa,1,1,0,0,0,0,0.0,0.0,1121730156774.264,0.0,0.0,502
0x0160afff7a7a824429a8202995d03239d2d418fa,187,93,57,26,11,0,0.45614035087719296,0.0,4.734761022377419e+17,1.5487703930207346e+16,7418393665151966.0,1000
0x01615d8d53eb9aafcda15853286fdf8259368a68,2,0,0,1,1,0,0.0,0.0,0.0,0.0,7792634520060003.0,1000
0x0161cd3a424b77adbc9f73d55dffaa1325ca9e4e,10,3,2,1,4,0,0.5,0.0,1.6008781305150862e+16,11758.680547322274,11734.740668391096,676
0x0161d1cc10116bb2a073a0c293d5e4f1a97a00b6,2,2,0,0,0,0,0.0,0.0,51239442860279.67,0.0,0.0,504
0x0161e9ea4f3aa829dd8721545c9d024ea4500258,2,1,1,0,0,0,0.0,0.0,62492313765.064156,4990010930.433909,0.0,502
0x01623c98f9651095d600f2ecb45dfa1072fc9589,2,1,1,0,0,0,0.0,0.0,11414944394.995674,2282988878.999135,0.0,502
0x01663114bff8c87677c61a4a20e62339cb15e58d,40,23,6,3,8,0,0.5,0.0,1669481482982067.0,1164308991996258.8,118095144881136.02,1000
0x0166e394c5d12205464c2c6b3073abb04ebdfd3f,28,14,10,1,3,0,0.1,0.0,5.937816824125746e+17,2.1856002717804406e+17,1.5475133573210448e+17,1000
0x0167767e7ffabd6e9fe1f958535bf296622d4b21,71,42,19,3,7,0,0.15789473684210525,0.0,3.320749267629608e+16,1.2039450960754034e+16,26025.27586034434,869
0x0167d3c422cc3a856f1f7cb750e75a8e5d7c9c5b,1,1,0,0,0,0,0.0,0.0,27305401469.91724,0.0,0.0,502
0x01680c4acff13811644c8ccb03227bd47d3fc208,2,1,1,0,0,0,0.0,0.0,15854237614.713926,0.0022509558575093108,0.0,502
0x0168459886bd2aa322c18ed0b209887095afcacb,25,4,1,14,6,0,14.0,0.0,3038487868225709.0,2983279381845005.0,3089640560092572.5,1000
0x0168ac98f0afa2df297e4d06c2c5187fc27b5689,1,1,0,0,0,0,0.0,0.0,162936362160.8802,0.0,0.0,502
0x0168c572ebc7861f99733d04187609067cb0fcfb,1,1,0,0,0,0,0.0,0.0,1544288399143.2905,0.0,0.0,502
0x016948e86c3338bb0125ea7889e19b45c5357f26,1,1,0,0,0,0,0.0,0.0,11411119068.000023,0.0,0.0,502
0x016956ddbb3c7ad592283cb58cb9a6725bd847bf,2,2,0,0,0,0,0.0,0.0,2035050958080.458,0.0,0.0,504
0x0169a86594f9de15b8add8d9250913848cbf17a6,2,2,0,0,0,0,0.0,0.0,2226129727292.424,0.0,0.0,504
0x016a12805434a815a943c7c7251a483561d63fa3,1,1,0,0,0,0,0.0,0.0,0.011883860088766482,0.0,0.0,502
0x016a1d022dbdf905526cf9e880c5e43eb13793af,1,1,0,0,0,0,0.0,0.0,158747468018983.22,0.0,0.0,502
0x016a42b47b051be2946a35fb72774e00a7b8e820,42,25,9,5,3,0,0.5555555555555556,0.0,3058901392173063.0,2007383383942771.2,1008377774833476.8,1000
0x016a5af54b2a9832ce8a594d3fc5af64ebd386f7,2,1,1,0,0,0,0.0,0.0,105920063676049.03,14964338684518.55,0.0,502
0x016a6738cdf51365f2f5e30c82931553e0a93262,35,25,7,1,2,0,0.14285714285714285,0.0,215283356345266.22,30235926993524.652,25.88835227662537,567
0x016d10f16e862eea0be1fdeb1dbba0bbd7f44078,29,18,6,2,3,0,0.3333333333333333,0.0,310799021922418.5,234914078769758.25,160724304353283.75,1000
0x016d435511a27e309b599e2786429641843ce782,7,6,0,0,1,0,0.0,0.0,12668352116425.572,0.0,0.0,512
0x016d4da7c7cd614cd50149a373873ff090b9782e,2,1,1,0,0,0,0.0,0.0,22730475876.687935,11365237938.343967,0.0,502
0x016e9e2497544790d71411911b187cbd26b43458,6,4,2,0,0,0,0.0,0.0,223836289.5465147,8640530.09849025,0.0,508
0x016ee55de225b15958c5b2f2cdd8c554621d2639,4,2,0,0,2,0,0.0,0.0,28490342955477.44,0.0,0.0,504
0x016f6d3391e9a13928505ec4e6dfa9778e5b5ec7,1,1,0,0,0,0,0.0,0.0,1021323906304.9271,0.0,0.0,502
0x016fa60107319e33386641ae9002ea59706379d5,70,70,0,0,0,0,0.0,0.0,260661922.647189,0.0,0.0,640
0x01700929e82848e2ee72fefd6420080e1625607c,1,1,0,0,0,0,0.0,0.0,2141327338531719.5,0.0,0.0,502
0x01708df7ee281fe5a8bf6a967b4fd8df8623e98b,50,18,15,8,9,0,0.5333333333333333,0.0,75065586401375.0,23278.38269177235,23426.558738949836,847
0x0170a247571e889d011327477b751f2e42c5baa4,2,1,1,0,0,0,0.0,0.0,1426389637.3356588,92715326.45656374,0.0,502
0x0170de25446302e7ff2e3093c6b77350dfd2b643,4,2,1,1,0,0,1.0,0.0,14597481649062.371,0.9607836475481166,0.9607836475481166,607
0x01712ca1676c850698bd52ed3973d5cdca71fa67,2,1,0,0,1,0,0.0,0.0,1883451559732.4617,0.0,0.0,502
0x017154d1f2c228765c494da30c018fa48a09e1ad,1,1,0,0,0,0,0.0,0.0,5.053074836147247,0.0,0.0,502
0x017184a0829a54746706654e86eb7a6c5cafbf90,14,5,3,3,3,0,1.0,0.0,384934059164986.4,33804049650175.59,105.20384079708765,620
0x01718c9eb7984abc907e5fd40f56cdab4ed5b0b2,1,1,0,0,0,0,0.0,0.0,3848873014010.396,0.0,0.0,502
0x0171ed588582d1df472015623dcb426d0a1de431,24,9,9,5,1,0,0.5555555555555556,0.0,3.6443168664800136e+16,20405.16510093975,16714.31648377321,755
0x01722733d6b93f5bffa318615a2dcf9bc2a07cc2,1,1,0,0,0,0,0.0,0.0,1.0939297118855962,0.0,0.0,502
0x017252042524df387a7ed994d41d7bde44f4670a,2,2,0,0,0,0,0.0,0.0,4235820781910.1826,0.0,0.0,504
0x0172e05392aba65366c4dbbb70d958bbf43304e4,16,2,0,0,14,0,0.0,0.0,49840988.70415108,0.0,0.0,504
0x0173438096718b70015e2914e7773546851fdaff,72,72,0,0,0,0,0.0,0.0,260540491.7902999,0.0,0.0,644
0x017388b16dd5fea1af29059b7eb34849b0eb8dbc,1,1,0,0,0,0,0.0,0.0,243350572041441.12,0.0,0.0,502
0x0173c24b53a892387b4a23ed706cbf9197f293fe,2,2,0,0,0,0,0.0,0.0,10027345244.54364,0.0,0.0,504
0x017423feb0aebc5f4f80496d2eb20e4498aec1df,1,1,0,0,0,0,0.0,0.0,100163894656.26236,0.0,0.0,502
0x01750c374d9fae78ca0dd39a0f4f0f4fec06181c,29,13,5,5,6,0,1.0,0.0,4591837276654447.0,1755651805696196.5,1750168458796270.5,1000
0x017529cc3b9c5d967f303221d023ceb6253dc7f3,1,1,0,0,0,0,0.0,0.0,218837241501.01147,0.0,0.0,502
0x017583e73bfcdd8a7fe7bfd87f5174fa34c81a5e,1,1,0,0,0,0,0.0,0.0,1501375449138.1223,0.0,0.0,502
0x0175b32dfc64088fe25f8a4d6291caa7ef5b909d,2,1,1,0,0,0,0.0,0.0,1130277510011.7666,226055502002.3533,0.0,502
0x0175c38d00a114bd29fbcaf832e7b1a21033644c,30,20,6,2,1,1,0.3333333333333333,0.03333333333333333,5.799965456021995e+16,109935.80537943936,6820.252475514701,635
0x01765501cdd20d174c1a6fd195c2e986135b6975,1,1,0,0,0,0,0.0,0.0,12759067353.368065,0.0,0.0,502
0x0176b54c3989fa5b7bf27d0e5f1cc3d4ad56b044,1,1,0,0,0,0,0.0,0.0,0.012746645024139906,0.0,0.0,502
0x0176e840a1d7df604172fce139bb0a0e99834165,3,3,0,0,0,0,0.0,0.0,1034423963199.9723,0.0,0.0,506
0x017715b9a71dabed2ddae0bbbb6b0896509c8212,6,2,2,0,2,0,0.0,0.0,1663203453580386.8,1201.0387608968115,0.0,504
0x01771a278c3fab69735aaeb38872469489e7716d,18,5,5,4,4,0,0.8,0.0,515633559251005.5,482439846810971.6,484141368353468.44,1000
0x01772e50f13f21e6a278e692423c4d514837f9de,1,0,0,0,1,0,0.0,0.0,0.0,0.0,0.0,500
0x01776c66ab49f137fd061e18d1611a8aa769b19d,1,1,0,0,0,0,0.0,0.0,0.4893934829323151,0.0,0.0,502
0x01778ac80ba7740bd13dc4936fa746c7a0770d9c,1,1,0,0,0,0,0.0,0.0,1.1534503816611006,0.0,0.0,502
0x0178217e241aa00787461cf044c69e8292c3863e,2,2,0,0,0,0,0.0,0.0,1305.8883864980219,0.0,0.0,504
0x01784fd2a696eec23f901b9a5d9762d5e8d10af3,100,47,35,12,6,0,0.34285714285714286,0.0,3.318754196380864e+17,2.142051821948024e+17,207160.08689568017,1000
0x0178e892ccb5ab71c7b1727fe7e50f317b0494b1,261,116,95,28,22,0,0.29473684210526313,0.0,6.73760974743466e+17,1.7238088179979872e+17,8.748283955846035e+16,1000
0x01793c678e14c7158405158cb209b83fb2c09b41,2,2,0,0,0,0,0.0,0.0,2916636645711.1333,0.0,0.0,504
0x0179c150e32d7054be23107b97ff8e2ae7c346d7,2,1,0,0,1,0,0.0,0.0,10094.806082839685,0.0,0.0,502
0x0179e2f40016671fe0326ef241d0178ffbbe9e94,14,9,5,0,0,0,0.0,0.0,1.1084627492165288e+17,2.1570794542135876e+16,0.0,518
0x0179f665e46e456954f00d5475b306e613a9fcdb,3,2,0,0,1,0,0.0,0.0,2.2993952926499624e+16,0.0,0.0,504
0x017af4481e13023209f6c15f6cfdefff3c695534,19,7,12,0,0,0,0.0,0.0,3.599777453200036e+16,20273.620631965412,0.0,514
0x017b176e25cf8685d25f085a8331fec5352a58ec,1,1,0,0,0,0,0.0,0.0,1.8516512691304576,0.0,0.0,502
0x017b3763b8a034f8655d46345e3eb42555e39064,13,5,4,1,3,0,0.25,0.0,141505.48121955318,4.129755771828508e+16,2.0215075093688884e+16,1000
0x017b4cca058ecf79937066adf44ddfa249a620fd,250,92,37,61,60,0,1.6486486486486487,0.0,9.840398919881171e+16,3.020096071142303e+16,170638.26437391946,1000
0x017b69d5d9325f15c278a658a619a49bdb4d6665,47,16,13,8,10,0,0.6153846153846154,0.0,3095624607522227.0,3094547589514339.0,3285020210945043.0,1000
0x017b93259518cc28f53284ec81f7084575ba8699,4,1,1,1,1,0,1.0,0.0,10.020916610535853,7.021283886725333,6.978362061502911,605
0x017b9472e9dd28e7c11822603b9d2eeb41037165,2,2,0,0,0,0,0.0,0.0,1.049522867276225,0.0,0.0,504
0x017c3ce152fd7d144cf74cc87e1d7c7cf15928c1,2,1,1,0,0,0,0.0,0.0,1.0066163275141833,0.10066163275141833,0.0,502
0x017c4d3aff4d726da43846579fe49c3646abd6a6,9,2,2,4,1,0,2.0,0.0,3499010044936025.0,995.6397632174613,999.8085640039731,725
0x017c536b11211d47ff4752c141f1e62ea16a4a5d,124,30,39,25,30,0,0.6410256410256411,0.0,2.636495734597165e+16,2.361010102007414e+16,1.109193831742306e+16,1000
0x017d08868e2ddbf4d2b28171457c1ce6976fe212,62,20,7,22,11,2,3.142857142857143,0.03225806451612903,6827945073128568.0,1174191369873029.2,1358854895952871.8,1000
0x017d0b1933cc52fbb03bf16e5e1041f7179eda71,2,1,1,0,0,0,0.0,0.0,36600839921.62886,5017696825.94663,0.0,502
0x017d0c0429922121cf25b4abe519d64b953b9b72,2,1,1,0,0,0,0.0,0.0,1436928990.9246407,136508254.13784087,0.0,502
0x017d420ea23d57b49705e4d36bdfcb81ab4e82b5,1,1,0,0,0,0,0.0,0.0,1.1056277532161272,0.0,0.0,502
0x017d8a64a8cfc0e15d20bb9aa7a86165b784a4d2,4,1,1,1,1,0,1.0,0.0,4810943076605095.0,500055488541656.06,500059445667541.25,1000
0x017d942c5f14069d512017568814bb4edb871729,1,1,0,0,0,0,0.0,0.0,1450343458238.6929,0.0,0.0,502
0x017d9ed24bff6f17e12a70a952f778c7bdb6bfd5,1,1,0,0,0,0,0.0,0.0,1.127613228691909,0.0,0.0,502
0x017e019d6344b47854635ee87f728831260c87b5,40,13,12,7,8,0,0.5833333333333334,0.0,59038861024874.26,400612803231.57623,489.77946829933086,610
0x017e2a9de4d669a21084a6d2014b38a5e2863643,9,6,3,0,0,0,0.0,0.0,262717787348284.53,144684737533280.34,0.0,512
0x017f1e8b5ef8d86d279ba8ae5120694006a18001,6,2,1,1,2,0,1.0,0.0,4521.9621305447035,3519.241886311175,3502.3917574803586,642
0x017f8a86bc732b517e04a8e6cbb5ad22b899e4ba,1,0,0,0,1,0,0.0,0.0,0.0,0.0,0.0,500
0x017f9dc0e2d0a123bf03a3c7ec27f898b70d8ded,141,48,28,15,50,0,0.5357142857142857,0.0,8971961967938816.0,70061380861375.06,70155365048434.25,1000
0x017fe812df7bea272511a47955099a9e8d20282e,10,2,3,2,3,0,0.6666666666666666,0.0,1.0185870709514816e+16,10023.68235646499,6031.749444748084,636
0x017fe9a4c15da854133d4fd220948ac084f8ae14,3,2,1,0,0,0,0.0,0.0,94907148714416.84,12361990926410.498,0.0,504
0x018037f8fa6a91dda30b919de140e1bab5b969a9,1,1,0,0,0,0,0.0,0.0,335920589401080.8,0.0,0.0,502
0x0180a2047666c6e8a99e6c9a8d001bbc47208df5,2,1,1,0,0,0,0.0,0.0,60452227386.30976,5030314426.949505,0.0,502
0x0180af6a237c41c8a0b5297a0fdb8ad1d76e4c92,1,1,0,0,0,0,0.0,0.0,994583454957.2543,0.0,0.0,502
0x01812580ff18cdaa3e9b3cdaa81496cd98d3f56f,237,115,27,79,16,0,2.925925925925926,0.0,2.297293109347678e+16,3054060152366014.0,2640753088814602.0,1000
0x01816f1a627dd1231b4d47c93362aec467aba32b,3,1,0,0,2,0,0.0,0.0,41689110364001.516,0.0,0.0,502
0x0181fb8d39d57383731eb0482249e780de07abde,1,1,0,0,0,0,0.0,0.0,0.011786397196000005,0.0,0.0,502
0x0183a86573f2daf8f5d1f31b9d3c82631345630f,2,1,1,0,0,0,0.0,0.0,29772421898.40008,4608734040.000012,0.0,502
0x0183b5764427bc889109b2d2039690e1d90987f9,2,1,1,0,0,0,0.0,0.0,1992139127348821.2,605.6102984664999,0.0,502
0x018423caf5f8ecafb391edf7c4540802981cd0fa,1,1,0,0,0,0,0.0,0.0,1016207754166.2928,0.0,0.0,502
0x0184df2afb9845c27504419ac7d5efccae41b951,12,5,4,1,2,0,0.25,0.0,6867428183877904.0,4002.6512694967782,1002.3472906573321,548
0x0185080e4a3cc98dcd527719ca0dac91075725ae,6,3,0,0,3,0,0.0,0.0,1877089095465576.8,0.0,0.0,506
0x0185326b75f0e915a7518b9f5dce248c09226935,2,2,0,0,0,0,0.0,0.0,1111211616233.3289,0.0,0.0,504
0x0185c3dd9f48bfaea84a637c769840f5c3bdb658,14,0,0,0,14,0,0.0,0.0,0.0,0.0,0.0,500
0x0185e80948461135faabd6d01fe4afa8586fe6c4,1,1,0,0,0,0,0.0,0.0,1.8579245666224367,0.0,0.0,502
0x018650dae189c5083dcbec8ae1edcf8b83e08380,19,8,2,2,7,0,1.0,0.0,4211030157590284.0,703111381000385.5,700973673658430.4,1000
0x0186d975cfe19772e58f4d314a52984b31a2cbeb,116,37,29,20,30,0,0.6896551724137931,0.0,4.9266301236987514e+17,2.8955605641119276e+16,354646.12836407707,1000
0x0187cd7fa0f5f10661e12be1538611de29bc6f77,12,4,5,1,2,0,0.2,0.0,87110464708264.84,203606198395119.47,3.0026077206779203,531
0x0188470b85e116ba8a7a42a71a8d67229f44e7ad,11,8,3,0,0,0,0.0,0.0,496270498926433.6,142.94988039558044,0.0,516
0x01884fdcd3a66259cfa65a20bebe3db9f24d97b2,2,1,0,0,1,0,0.0,0.0,10135.68032293223,0.0,0.0,502
0x0188946f1b60fa1af2e53bf2f4dc0a0670c631f0,1,1,0,0,0,0,0.0,0.0,169402633849.22723,0.0,0.0,502
0x0188e83acb7f9e765bdd3e5cf7937d3d9e1c2879,3,3,0,0,0,0,0.0,0.0,3.355431340509117,0.0,0.0,506
0x0188f8b6f58aec2e47c1ba1fc38b9978273de931,1,1,0,0,0,0,0.0,0.0,93865774221688.19,0.0,0.0,502
0x0188f96b20d00a3ab9d19b8aa91988b720294ce3,2,1,1,0,0,0,0.0,0.0,15854237614.713926,0.0022509558575093108,0.0,502
0x01894ddf668719ae49d364e6c77d21cfa3926ac6,6,1,2,0,0,3,0.0,0.5,231743279468.31567,47359311411.41062,0.0,387
0x018a26884caafb6a420d3de9541cf924178783de,1,1,0,0,0,0,0.0,0.0,1312643940145.0347,0.0,0.0,502
0x018a5329c9b24f31bff452166c73369354ae71a6,67,67,0,0,0,0,0.0,0.0,250711181.43576363,0.0,0.0,634
0x018a6ad6ef7642a5bfdc470a2e1cdebec1e41045,1,1,0,0,0,0,0.0,0.0,1104830719169.5122,0.0,0.0,502
0x018aae0cbe0aff89e183a7f1f0b34b308561b049,1,1,0,0,0,0,0.0,0.0,27190271959.20005,0.0,0.0,502
0x018ba7d4c044254f4ae94652b09c790baf7db3ca,31,7,9,11,4,0,1.2222222222222223,0.0,1.769876223210484e+16,1.1714288223400796e+16,5997746658044513.0,1000
0x018bde66f5b0a1a992a40d6f75dee3c5a29f25c9,2,1,1,0,0,0,0.0,0.0,53480038344.86024,5021408717.481429,0.0,502
0x018bf5774c55789146bac375e052f826294ecb06,6,2,1,1,2,0,1.0,0.0,301646107148880.5,183941919018750.22,183416569631803.94,1000
0x018d48fd560a59dab8b345917330a468f04cbc2b,2,2,0,0,0,0,0.0,0.0,188818000000010.84,0.0,0.0,504
0x018e1ba194311b98a6e92b6b2650ed2dd4a90cf9,4,1,1,1,1,0,1.0,0.0,2390543153040004.5,696.6551029200015,696.6551029200015,611
0x018e2339fe910022db81f0df861ff792d406cf3d,87,26,18,14,29,0,0.7777777777777778,0.0,1.5007785315061334e+16,1270282058269843.5,271319.905617276,1000
0x018ed52cf0254857c3d2cd4ad06a673c56eca644,141,80,22,17,22,0,0.7727272727272727,0.0,5.905213159540369e+16,4.816017081324316e+16,4.403359030305382e+16,1000
0x018fe0518c0a46855801280950fe0cc98ac96a77,1,1,0,0,0,0,0.0,0.0,0.09943187225064216,0.0,0.0,502
0x01905431efb225a63b873d8fa6f98b067df4a924,2,2,0,0,0,0,0.0,0.0,2.466734443230205,0.0,0.0,504
0x0191c087cbf29aa1103c1010c470743264a052b1,1,1,0,0,0,0,0.0,0.0,10016389465.626236,0.0,0.0,502
0x019218cb876c7e22a903ca74c0b62ec90344920d,28,13,11,2,2,0,0.18181818181818182,0.0,3708080333910555.0,2595907703614001.0,1110206837126250.0,1000
0x019271b315e55cd40d409ef21ede9c3b61646736,25,9,6,3,7,0,0.5,0.0,183025156359617.06,134977559543254.55,72372151156468.6,1000
0x019287e476e382e9b733e089cb205b4dd255902a,1,1,0,0,0,0,0.0,0.0,53.43114767234561,0.0,0.0,502
0x019315575492be540e0d56306948b3180fe39788,1,1,0,0,0,0,0.0,0.0,112930727218.28444,0.0,0.0,502
0x0193960db1204a3c0882225576c92b95af25092e,1,1,0,0,0,0,0.0,0.0,1461030204909.5608,0.0,0.0,502
0x0193caf8a49dba421bca7d16eebd0e7dff9c559b,3,1,1,1,0,0,1.0,0.0,835219176364549.4,72770266136700.05,71437802121314.2,1000
0x0193d4e60ad8eb4f9546ef607237277b82d5c5b0,2,1,0,0,1,0,0.0,0.0,133150844563084.45,0.0,0.0,502
0x0194d076503771b976a062c4cde310b13d3e9960,42,31,3,3,5,0,1.0,0.0,6.212365497298162e+17,190738.22022822502,176083.54667776715,1000
0x0194f6b2cd2061b50169ee2c81cd95f982cc0a05,12,4,4,2,2,0,0.5,0.0,219484383206472.5,80.02925973094656,80.0070906690618,564
0x01952760a2f72cfa13b3557b6e015b40126961c0,53,22,5,2,24,0,0.4,0.0,5145778075981089.0,4199.3444491700675,4246.936534086696,632
0x01952b83f4fbb1fdd4bf11087638f0821175f7b4,21,9,2,2,8,0,1.0,0.0,635467567305414.4,210.06084085249424,210.2906056523874,626
0x019565863a1d126ace10976692665a0d5e3b57da,1,0,0,0,1,0,0.0,0.0,0.0,0.0,0.0,500
0x0196745e37b3e8ddb99be16b065bb482768ef3d2,10,8,2,0,0,0,0.0,0.0,19405034716730.055,5341683191319.45,0.0,516
0x019712e01e25a3dee2e11dc8a8de84afb0015401,131,49,17,7,58,0,0.4117647058823529,0.0,255052818303206.84,4160276791604.903,302.6904016602553,663
0x0197295055068f266f8654ef428a91239839c2d5,13,6,1,1,5,0,1.0,0.0,5176966831325120.0,2509825145475048.5,2504906276390736.0,1000
0x01974549c9b9a30d47c548a16b120b1caa7b586c,1,1,0,0,0,0,0.0,0.0,1584867727056.3486,0.0,0.0,502
0x019761d78f2f14ef6a498d245fca15ef5ab121c8,9,5,4,0,0,0,0.0,0.0,37834365363200.34,29.713927745391576,0.0,510
0x01977c44632eefb5b2868e18c902584ccad574d7,112,2,0,0,110,0,0.0,0.0,70553.29212533652,0.0,0.0,504
0x0197d7fafca118bc91f6854b9a2ceea94e676585,1,1,0,0,0,0,0.0,0.0,32913527606437.625,0.0,0.0,502
0x0198662302a3d7395714600e885d2ddf87c2f839,2,1,1,0,0,0,0.0,0.0,53439165876.23867,5387012689.136963,0.0,502
0x019868709db6160b2db6276bdf163ac0d3b5324a,1,1,0,0,0,0,0.0,0.0,1387023763939.1123,0.0,0.0,502
0x0198d8a7463819a22facc2b96a7402f1bbbd1a82,1,1,0,0,0,0,0.0,0.0,1.7822300164579141,0.0,0.0,502
0x019978404a6cd72605ec0f2874e7f5ec854dbd9d,1,1,0,0,0,0,0.0,0.0,1.0671024883769376,0.0,0.0,502
0x0199a54ad38f4d55b3819517d3fea232ae33f673,41,14,8,7,10,2,0.875,0.04878048780487805,5.4298044363347136e+17,3.435432005502572e+17,8.73679891221411e+16,1000
0x019a0a45a1342050f732ccdf8aeb2ecf4b34c034,28,19,0,0,9,0,0.0,0.0,5200672335469468.0,0.0,0.0,538
0x019aa8f4062bde8e0b457aedf08d4bfbb44f3acd,1,1,0,0,0,0,0.0,0.0,1.0867374267510588,0.0,0.0,502
0x019abd316838b1fb8dd49d66c13b01b5ea3cdbaf,7,4,0,0,3,0,0.0,0.0,79452005636793.78,0.0,0.0,508
0x019b00a4c8bf5a4a75d7be5a498f2d41e6bf41f2,44,12,6,9,17,0,1.5,0.0,8.843473963636173e+16,2287369039148743.0,1580337575802840.2,1000
0x019b337f128fd5eb9f7e3fd36acaf6c334c7492b,3,2,0,0,1,0,0.0,0.0,2047834090000000.5,0.0,0.0,504
0x019b40948ae2c1dfc1751e76161b5a6ef90aee4b,1,1,0,0,0,0,0.0,0.0,1.677342854313935,0.0,0.0,502
0x019c429038894a1656ae2e9399769662bb4899d0,2,1,1,0,0,0,0.0,0.0,15854237614.713926,0.0022509558575093108,0.0,502
0x019c829ea5392cedae3c91027c171420798ff9cf,2,1,1,0,0,0,0.0,0.0,36962536544.812744,4258356744.7940946,0.0,502
0x019d10463c5c800b84d6527e112e131109611527,4,1,1,1,1,0,1.0,0.0,1.6494077766472028e+16,5711920000000009.0,5711920000000009.0,1000
0x019d239a36a4fd4828253e8eccadd1dd2d0dd147,10,5,3,1,1,0,0.3333333333333333,0.0,5398425551316612.0,3039.4348827351732,372.00953830428233,550
0x019dd1181011ab3207b948cf9d00c0a011d33c74,1,1,0,0,0,0,0.0,0.0,190497193432599.66,0.0,0.0,502
0x019e3d65ade821fded83b438cd1b8626208c48d3,10,6,4,0,0,0,0.0,0.0,38951957931959.61,1170.9448559441428,0.0,512
0x019ea1afabcbd84d922043c4261052a583315d2c,143,54,60,24,4,1,0.4,0.006993006993006993,4.00089194137178e+17,287442.177332011,178720.74691429915,1000
0x019ed608dd806b80193942f2a960e7ac8abb2ee3,10,2,2,1,2,3,0.5,0.3,3828728952721541.0,1885.4936574772844,238.55881336892182,484
0x019f4cb3cad6f0bf4d571edc99cf3cea815c0102,1,1,0,0,0,0,0.0,0.0,3061895851.7572613,0.0,0.0,502
0x019fb2e4f3c3afc29a55fe4740ce87b3df981e23,2,2,0,0,0,0,0.0,0.0,1593376800.7112813,0.0,0.0,504
0x01a0de8ff66f6c050bf45c36f46e74d359e7f85a,1,1,0,0,0,0,0.0,0.0,1499.411689500002,0.0,0.0,502
0x01a0e0f98539cab8593c45f849c75f65b27dcb50,1,1,0,0,0,0,0.0,0.0,1192589775032.8687,0.0,0.0,502
0x01a0f8f364c2fec07cfcdebd2980da3f950d0410,106,58,14,10,24,0,0.7142857142857143,0.0,4.200693407214719e+16,1732150093769193.0,1733289078143155.8,1000
0x01a10e5ada8f1c1117f185493a0bb4f299f7b8c0,7,1,1,0,5,0,0.0,0.0,99656591995225.72,30893548972908.76,0.0,502
0x01a11a6eef76d13a789bf944dbcfe7e2b27411ed,1,1,0,0,0,0,0.0,0.0,1.0596125637582616,0.0,0.0,502
0x01a15c5109cb9935d9528c9348a2996559151c26,1,1,0,0,0,0,0.0,0.0,1.0912162421624187,0.0,0.0,502
0x01a1c554806b5754fc768fb6037631e3842dab5d,2,1,1,0,0,0,0.0,0.0,101368076629.60146,5068403831.480073,0.0,502
0x01a1c72bf9547d1e6abd8486ae3cad64e781cd7c,4,3,1,0,0,0,0.0,0.0,12310995814.12221,5159277717.855283,0.0,506
0x01a1ef4a64f8c25ac6e4913512dabac382fd2954,151,51,47,32,21,0,0.6808510638297872,0.0,1.1057418120666044e+16,3679266449050648.5,3397504985816721.5,1000
0x01a2c0cc3fc848d1cbfa4198822349c85905785b,3,1,0,0,2,0,0.0,0.0,499.8257474499965,0.0,0.0,502
0x01a2e7fe230a34bf74e7c850d1244c70ff928024,50,19,15,4,12,0,0.26666666666666666,0.0,6082059799805068.0,2316295330166964.5,2355202879004128.0,1000
0x01a3049804d40609f2edc1b5d73610bcd8796ae1,1,1,0,0,0,0,0.0,0.0,215654816678.80045,0.0,0.0,502
0x01a3a71580b17d1c567d577a66b28c48e42a43c3,7,2,1,2,2,0,2.0,0.0,1.411901011619656e+16,1.0085007225854686e+16,1.0056004548296598e+16,1000
0x01a4615315104084dcaaec9a847e90ce5cfbf8ea,4,2,1,1,0,0,1.0,0.0,96314135652269.83,7913036714997.313,7913881694737.291,1000
0x01a4f75344f665629c714f6623b784509159d4bc,13,5,2,1,5,0,0.5,0.0,601291275449355.6,230.0298570801867,230.0302188620041,565
0x01a580e1370e798c48abda6b2f605035f2127d5c,253,90,51,70,42,0,1.3725490196078431,0.0,3.647583895555436e+16,9828993797740588.0,3785718352845796.0,1000
0x01a71e7b07cbe684439eb0570a93055af7c15b57,2,1,1,0,0,0,0.0,0.0,25857034228.480007,4753131292.000001,0.0,502
0x01a762e99a74132ff61cebd92262fc54463320e5,124,79,5,7,33,0,1.4,0.0,2235124176577877.2,3712.98339196489,2263.4331412267557,841
0x01a7749f10af218e842eaa97ef66b06870f9002a,4,0,0,0,4,0,0.0,0.0,0.0,0.0,0.0,500
0x01a7e44c9c8495f1fdac72298a3c0ebac9f58a55,1,1,0,0,0,0,0.0,0.0,1.023694675656391,0.0,0.0,502
0x01a8b987d4350c58a3a16456d5f7cc3255c425b0,1,0,0,0,1,0,0.0,0.0,0.0,0.0,0.0,500
0x01a94e74ec7264b4be34d9a68f8cd1decc9bcdb6,2,1,0,0,1,0,0.0,0.0,10150568939907.719,0.0,0.0,502
0x01a97118d81e6ccd319a27dbfad2b601774399d2,2,1,1,0,0,0,0.0,0.0,690217796117.5754,309407977569.94763,0.0,502
0x01a9766c63c57694307eb20b75796a252d549819,2,2,0,0,0,0,0.0,0.0,1.024964436423544,0.0,0.0,504
0x01aa226e0895cfc97fee2121222dd005160ea9c2,1,1,0,0,0,0,0.0,0.0,1032336915460.6006,0.0,0.0,502
0x01aa66f23e42842d771cf46e6293af4ed04c90bd,120,60,27,9,24,0,0.3333333333333333,0.0,5.022393731583794e+17,2.1222101943560212e+16,210157.4164392132,1000
0x01aa8359ab1b28af8f7a11d3457f775b540efad3,1,1,0,0,0,0,0.0,0.0,103.51084728680641,0.0,0.0,502
0x01aafa85d27eda7cc530132827ba834c269a7cbd,1,0,0,0,1,0,0.0,0.0,0.0,0.0,0.0,500
0x01ab50c379aa098a199feda4c5a51d623ffcd764,1,0,0,0,1,0,0.0,0.0,0.0,0.0,0.0,500
0x01ac60352b386d551222c877925f524d43725149,5,0,0,0,5,0,0.0,0.0,0.0,0.0,0.0,500
0x01accec19e099cc37d9fa9f7027dd89c8a9831d5,2,1,0,0,1,0,0.0,0.0,1047.4705501763906,0.0,0.0,502
0x01adf60f3a3455f78cd196763c1203c8fde2c039,1,1,0,0,0,0,0.0,0.0,1583457719103.966,0.0,0.0,502
0x01af1eb57b3489cea12ea3d8ebbae1c3eeb0658e,18,1,3,6,8,0,2.0,0.0,2.1377470886634812e+16,6.159362574404019e+16,1.0133370338420723e+17,1000
0x01af4808da010aad7b2c977f51508a1402c8cbbc,114,57,20,15,22,0,0.75,0.0,8.930116987365048e+16,9.903222284916765e+16,9.560817958789093e+16,1000
0x01af60b03e2b9cbf947568552462f9182b959db0,24,12,10,1,1,0,0.1,0.0,74289.56726612024,59101.338690049335,7732.826995846316,614
0x01af86cd3fa63f8b04b8ba7df0494a77c01c473f,1,1,0,0,0,0,0.0,0.0,2.941419799641635,0.0,0.0,502
0x01b037084eba7e4519dbfc9ba026ae696746e033,2,2,0,0,0,0,0.0,0.0,126741231281112.0,0.0,0.0,504
0x01b05f41b22b8ab004b064cd6404e90ca46840fd,1,1,0,0,0,0,0.0,0.0,1075087714635.3258,0.0,0.0,502
0x01b06d543b68067f7d78427d651b1190c10e0456,4,1,1,1,1,0,1.0,0.0,1445164775628663.0,711784337664001.8,711784337664001.8,1000
0x01b0b2d9991112703bb96ba7b603f89788d2c6d6,1,1,0,0,0,0,0.0,0.0,8.642155726292692,0.0,0.0,502
0x01b0ea8755979c2030d642b74c5dcbde220351df,1,1,0,0,0,0,0.0,0.0,1.034756725560539,0.0,0.0,502
0x01b15b58df43cd3a72b4edd9b6150fc7b9b1f412,1,1,0,0,0,0,0.0,0.0,1.1057238603005672,0.0,0.0,502
0x01b19a62cba8bbc553b0137257f72371c826c403,12,4,2,3,3,0,1.5,0.0,317927513452327.1,197536488073677.75,197376370079672.88,1000
0x01b27aeaa3b67577609538155d637b08f0779069,23,3,6,5,9,0,0.8333333333333334,0.0,9867.260862876117,3123559887451326.5,965442744626457.9,1000
0x01b2e0fc91754fa2daa9a69fe4ef69c03cb50bc0,2,2,0,0,0,0,0.0,0.0,2.259609878203448,0.0,0.0,504
0x01b344118ff55134f042bb19ca4a77cd3212dc19,1,1,0,0,0,0,0.0,0.0,0.013023402481081522,0.0,0.0,502
0x01b3b5ae37f70e6540abc2667fec68c19b2e7a1d,77,32,19,16,10,0,0.8421052631578947,0.0,5.270692508108801e+17,9963496645323996.0,1.002930674788262e+16,1000
0x01b3bd82da83c842d8220c8fef9358abeffd537e,4,1,1,1,1,0,1.0,0.0,7460456063991517.0,704850450892892.5,704850450892892.5,1000
0x01b3f02ff86fca973084faa9e4e24014c1dfcb8f,87,39,20,12,16,0,0.6,0.0,2774050226396393.0,421225967985801.5,87268.12308241805,1000
0x01b44fd30ad33b88d0ebe0e22faa52cfe0f8ae7e,2,1,1,0,0,0,0.0,0.0,15854237614.713926,0.0022509558575093108,0.0,502
0x01b45138c79d97335df9fef8c3a325eaa764d29c,2,2,0,0,0,0,0.0,0.0,1.0594593118780764,0.0,0.0,504
0x01b457774fee6105593031a3eb023a873c450c4a,1,1,0,0,0,0,0.0,0.0,1673553379187.0874,0.0,0.0,502
0x01b572c14af90297b04955659cf86aec87dad0b2,4,1,1,1,1,0,1.0,0.0,1261268119112402.2,299722041360000.56,299722041360000.56,1000
0x01b590b256dcb6300fe43fa2c629dd9fd2838ed4,4,4,0,0,0,0,0.0,0.0,126136070305703.5,0.0,0.0,508
0x01b5b2eec95743ff4401a55b06db72bdf6afa0e1,163,33,43,29,58,0,0.6744186046511628,0.0,4565588163498140.0,9965491139123994.0,4080885677318132.0,1000
0x01b630e4c8c64c9abfd843c2c7ec3b0fcd1cf609,2,0,0,0,2,0,0.0,0.0,0.0,0.0,0.0,500
0x01b700a7f8797609c8e86b21d3e5a765d608b9a2,1,1,0,0,0,0,0.0,0.0,1.1337738855926547,0.0,0.0,502
0x01b7b1df70e1b455e1086aef7488f1131183107b,7,5,0,0,2,0,0.0,0.0,501.7594747713071,0.0,0.0,510
0x01b7baa7baa864fef3cd1c7bc118cc97cedcb33f,2,1,1,0,0,0,0.0,0.0,111918143764737.17,33575443129421.15,0.0,502
0x01b84c86f45b3961296286d8ef8ec49709606b36,1,1,0,0,0,0,0.0,0.0,1.0247378304881805,0.0,0.0,502
0x01b8674543a3480a6a4c44014d226b27db2d65db,2,1,1,0,0,0,0.0,0.0,34585645963042.0,4996078385872.3545,0.0,502
0x01b8884b83882069d08c86b053bb1027d04dce96,4,1,1,1,1,0,1.0,0.0,1922278474293291.5,702.8204814550465,702.8204814550465,612
0x01b89af143b8f2bb80f9ac13d60e7e9e01d85798,4,1,1,1,1,0,1.0,0.0,102663548404796.6,28646330921207.86,28646330921207.86,1000
0x01b8a5c4f22ca9707d1865ff2c4712829b6175f6,5,3,0,0,2,0,0.0,0.0,4397664452002.5117,0.0,0.0,506
0x01b8f7ef9c12841ca94ee6652f0d5e9646a1168f,180,110,1,65,4,0,65.0,0.0,3.5005508653652716e+16,8009.30129469832,4212.803055995942,1000
0x01b92f893b1c302bcf1945fd4edf10df99b4f181,8,1,1,2,4,0,2.0,0.0,2611111200228.487,681.1192519690775,1369.4613434978742,721
0x01b94f94cbf9fe4509b0beaa8dd6fb510dad01e5,2,2,0,0,0,0,0.0,0.0,136943980703.26451,0.0,0.0,504
0x01bb074c844b1129c8e26ed5d27186cf53198f6c,2,1,0,0,1,0,0.0,0.0,5850249330656008.0,0.0,0.0,502
0x01bb8b57808786461b7db3dd5975280f189307a3,2,1,1,0,0,0,0.0,0.0,15854237614.713926,0.0022509558575093108,0.0,502
0x01bbec9408cf03e8188f44f12636b63e8faba019,11,7,4,0,0,0,0.0,0.0,721940740899160.2,402.5036477500706,0.0,514
0x01bbfe5ce152b22eccde7698a24e86012a5f75e3,95,60,24,8,3,0,0.3333333333333333,0.0,5.052822258068762e+16,1.462565404855999e+16,23366.87290554949,911
0x01bcfd7986c68df30f8b3d3f92a44e5664657ab9,9,0,0,0,9,0,0.0,0.0,0.0,0.0,0.0,500
0x01bd177d908a1ec1f5e965434930056210bf64b1,1,1,0,0,0,0,0.0,0.0,1142886660913.0864,0.0,0.0,502
0x01bd2bdb16eb1e61d368b60efb988adcb433a7ec,1,1,0,0,0,0,0.0,0.0,110386403703.79865,0.0,0.0,502
0x01bd8aac958c6e728557bcac756273ddd65bf19c,3,0,0,0,3,0,0.0,0.0,0.0,0.0,0.0,500
0x01bdeac39c807252d9dc00d1d69987234d376ec6,2,2,0,0,0,0,0.0,0.0,7475027393227.456,0.0,0.0,504
0x01be938672471bbb0fa1dfd223dd2aad2e389559,7,2,1,1,3,0,1.0,0.0,1778.0236533261575,790.2327496972127,794.4152510643266,614
0x01bfb07fe3dcdfe459de2fb627a96a11f33cab57,10,7,0,0,3,0,0.0,0.0,2802.2306336505217,0.0,0.0,514
0x01bfc30251bfb5b68e7e7a69fec81d8adcebc4f1,1,1,0,0,0,0,0.0,0.0,1.111353092467215,0.0,0.0,502
0x01bfda329ad313306320b11c6845f24294286f26,3,2,0,0,1,0,0.0,0.0,1700767373169601.5,0.0,0.0,504
0x01c08ae3a3a5595440144639d1bd16e8fc94f297,2,2,0,0,0,0,0.0,0.0,0.01189000465479206,0.0,0.0,504
0x01c20f8119a4243dfbde6ef19968bf1a7ac8f2ec,2,1,0,0,1,0,0.0,0.0,10007.534957689668,0.0,0.0,502
0x01c38875ab789cb12efcd791db91217a00fd01fa,7,7,0,0,0,0,0.0,0.0,244137488919441.53,0.0,0.0,514
0x01c3dd0607e189d8ec94c740cf5926db4f38bf3f,3,3,0,0,0,0,0.0,0.0,108948472450064.5,0.0,0.0,506
0x01c4905e81eb6ebb919a802215b465137d1ba3a6,1,1,0,0,0,0,0.0,0.0,1001084746418.0591,0.0,0.0,502
0x01c4fbfa5cd0515cb51a75a92480583db1d018c2,3,0,0,0,3,0,0.0,0.0,0.0,0.0,0.0,500
0x01c5668541751d62e3d36a7f8af12ceed452f312,1,1,0,0,0,0,0.0,0.0,1022826495929.8438,0.0,0.0,502
0x01c5c4ca74a665e40e96ed8ff221500b6366b8a6,350,152,40,22,136,0,0.55,0.0,1.0949866178517562e+17,106444.41345025334,63097.14584137379,1000
0x01c5c9f1b50986663d545b474b3acbf9e1b25c51,21,10,7,0,4,0,0.0,0.0,1352170390933350.0,1289818063169045.2,0.0,520
0x01c60af7f7193370a9447a12c885427cb94f21e6,24,16,6,0,2,0,0.0,0.0,7987029629119853.0,4640974280364209.0,0.0,532
0x01c6e66c0dcadda3f6bee43af37c51fad41c3955,1,1,0,0,0,0,0.0,0.0,1.7890816058854953,0.0,0.0,502
0x01c717a8e3558ca44d473a5882e938572f1f7d93,20,11,5,2,2,0,0.4,0.0,2.683527773350977e+16,6191.146194667896,3478.491242420471,602
0x01c7602892dda14261fdd4ae9c6b590ae65d3256,9,7,2,0,0,0,0.0,0.0,128154373180520.61,18693.10462307799,0.0,514
0x01c7b3b2be439441e3cc8644b64b664d5e4e997f,1,1,0,0,0,0,0.0,0.0,1578703896757.5464,0.0,0.0,502
0x01c7ce0a635c1fa6f18f4bb5b8ae4b86cc3e68af,1,1,0,0,0,0,0.0,0.0,1287509980902.197,0.0,0.0,502
0x01c83e2a373ba4bf2cbe51087d97483e9f88c415,1,1,0,0,0,0,0.0,0.0,533337128869621.7,0.0,0.0,502
0x01c96c01e8169279e9a7348474c46a8861fc01b8,1,1,0,0,0,0,0.0,0.0,1.1057148773783911,0.0,0.0,502
0x01cb1826cd50f7f15626a1283ae812ad0a273388,188,94,8,61,25,0,7.625,0.0,3.462001846348052e+16,95536.24918488579,5554.6169946127175,1000
0x01cbb47731aa829baa27ece1e69efb8fa29d1cba,1,1,0,0,0,0,0.0,0.0,1.737659840790509,0.0,0.0,502
0x01cc1a92aafe7e49a0f18c3fafd3684ea829d9a4,4,1,0,0,3,0,0.0,0.0,49618.12461194423,0.0,0.0,502
0x01cc4ec22fd137f9a33f188fcf3078b5755368b5,1,1,0,0,0,0,0.0,0.0,2180619821436.1797,0.0,0.0,502
0x01cc647103f4ce8a8f7985df8101d24aab029bf3,1,0,0,0,1,0,0.0,0.0,0.0,0.0,0.0,500
0x01cd8b637e1e131827260aaf777a587b4aed1c54,1,1,0,0,0,0,0.0,0.0,1.1819382872066622,0.0,0.0,502
0x01cdcc99a4f9a68be18504750b219caa881841eb,2,0,0,0,2,0,0.0,0.0,0.0,0.0,0.0,500
0x01ce064bf433bb179791260c080630fe63684eac,23,6,6,3,8,0,0.5,0.0,479789524440264.56,236941948915449.12,60305118863875.88,1000
0x01ce5973ebf4f7043d61cb48a7e25501afbafad7,1,1,0,0,0,0,0.0,0.0,1.148379689142376,0.0,0.0,502
0x01ce6e8e667d8a40d05cfdfac97194198069fdd8,4,4,0,0,0,0,0.0,0.0,1825581996251.2754,0.0,0.0,508
0x01cf15d50e91ea8731572a07afbf782233339ad7,100,43,17,13,27,0,0.7647058823529411,0.0,2684029255562860.5,487181407374319.8,427511129102097.0,1000
0x01cf5fff6ee551a7d3fdbb32c6a8ad9ef31c4829,5,2,1,1,1,0,1.0,0.0,101740709490530.27,117.691640355591,117.22465510925078,608
0x01cf7991cf4d37a762bffa9d74bd9b46d124d371,33,26,4,2,1,0,0.5,0.0,259723.06012205587,409800.00523881963,361167.73402359406,1000
0x01d04f947cf6e5e4ffb9d76b40ed83daafa76e5a,1,1,0,0,0,0,0.0,0.0,1.9944767003115587,0.0,0.0,502
0x01d05838b47fe9608cf58d9688e9b5b46816ae91,2,2,0,0,0,0,0.0,0.0,1.027511921263438,0.0,0.0,504
0x01d176f95b77ca6dcbadda21f6b8c7bf8ec3c3ee,2,2,0,0,0,0,0.0,0.0,2916695751647.886,0.0,0.0,504
0x01d17d9fdf660f9c79d9feefa2b9a4b71a32a9b6,19,6,5,3,5,0,0.6,0.0,1050103322129866.2,670573740754027.6,224416306496402.5,1000
0x01d2e7a456071dff8dbc273c1f6812d3c5f6ac10,1,1,0,0,0,0,0.0,0.0,1256312113179.6003,0.0,0.0,502
0x01d2f11ad6668e28ce07da387d08bedd57f4a85a,4,2,2,0,0,0,0.0,0.0,591366722320980.5,325.7292899050399,0.0,504
0x01d36303366ee9e94c3cfed0c9dd41857d6f644d,1,1,0,0,0,0,0.0,0.0,1.44617070114674,0.0,0.0,502
0x01d37cdae14bc9e2e10b6a71a0c72998f44e225c,4,1,1,1,1,0,1.0,0.0,3063302223360006.0,404496831520000.8,399821233600001.1,1000
0x01d3c79e4d3b314e43afa00e111dc07e2073e349,21,11,7,1,2,0,0.14285714285714285,0.0,53848153386483.16,70.92820337013222,3.5572878420326495,539
0x01d43fcfb3a9e93be5344d1011162d548db936c3,64,32,13,8,11,0,0.6153846153846154,0.0,7.848915189625304e+16,5.325215651370004e+16,4.944727087621173e+16,1000
0x01d48c3d1feaecce1256f98f80162103d588e830,72,72,0,0,0,0,0.0,0.0,260583128.62381074,0.0,0.0,644
0x01d4bd1ce999e641430deed48f715c2113da3187,2,2,0,0,0,0,0.0,0.0,2133369951941.0964,0.0,0.0,504
0x01d4de1128e47b400187cd81a5cfae97a6e55bf1,12,4,2,2,4,0,1.0,0.0,130340000112.74518,649.3432109709138,650.5160388998041,620
0x01d56c115f9afd657dd4eeb9ece38d6cf73975d6,28,8,7,6,7,0,0.8571428571428571,0.0,361216567455104.06,260294391633118.25,260485955179081.8,1000
0x01d5c613f8bd10e5e312a34a60fbdeae0add19e3,2,2,0,0,0,0,0.0,0.0,2003893451362.0205,0.0,0.0,504
0x01d616e83175a410b31253ffa1f78ccb3884fddd,57,30,17,7,3,0,0.4117647058823529,0.0,5.2104198066775896e+16,7119027347781038.0,3311.5592254849716,655
0x01d659a033bcfb4241fdfbfb95932a4e218805a3,3,3,0,0,0,0,0.0,0.0,3218546610805.212,0.0,0.0,506
0x01d6b75a2b5048b5e528550e84e74ce08df912a4,1,1,0,0,0,0,0.0,0.0,149787005046.24026,0.0,0.0,502
0x01d754f2a403bf165aa04aff1940176581263ba3,2,2,0,0,0,0,0.0,0.0,6053083481163.241,0.0,0.0,504
0x01d77b358a5e2b12d60e7bfec4cff8ad54b63fd7,2,1,0,0,1,0,0.0,0.0,9380.12215012695,0.0,0.0,502
0x01d7fe53ca0c7558c7a410ef969677a7e9ec53a7,4,3,0,0,1,0,0.0,0.0,1533305432885.2937,0.0,0.0,506
0x01d8390b924427ace5dd259f5d0541ab9585a3e8,2,1,0,0,1,0,0.0,0.0,175226060113341.72,0.0,0.0,502
0x01d83a95e445a001194ab79a4d7cda5acfcf6dc1,4,1,1,1,1,0,1.0,0.0,1.1009459431452054e+16,3196148475630001.5,3196148475630001.5,1000
0x01d852b6949f38b027571b5baa713da88e5b4db3,1,1,0,0,0,0,0.0,0.0,8.797018568027028,0.0,0.0,502
0x01d91f7c1cbd33ac7d40842569789cc043890712,3,2,0,0,1,0,0.0,0.0,298.8099804178671,0.0,0.0,504
0x01d971f8b52ac1d3667e00407e48254380512e0c,1,1,0,0,0,0,0.0,0.0,1.1251862313280865,0.0,0.0,502
0x01d9816465ee701cb650edf27de69b02fa272454,8,4,2,1,1,0,0.5,0.0,19216487826033.504,12075698400817.54,16065794452062.197,1000
0x01d9c396e5eeb80380af396b758f10c01100bbb7,27,17,0,0,10,0,0.0,0.0,3.3635717658355428e+16,0.0,0.0,534
0x01daab3d40bdda5b8125c4aecbaef6ee2f262efa,180,118,33,14,15,0,0.42424242424242425,0.0,3.153963766596724e+17,181994.45422295472,181805.55867626515,1000
0x01dd25a6619a9953e83668c98594f2d3035946d4,5,3,0,0,2,0,0.0,0.0,450997323414848.2,0.0,0.0,506
0x01dd5d5d0b0bb5bf8dbf7e6d6d8a711578534a58,6,3,2,1,0,0,0.5,0.0,1213717158926002.8,207.84976647719128,207.46709165362356,561
0x01dd69ba92d5217d7d089bd2481151cdff43cb80,2,1,0,0,1,0,0.0,0.0,2072127005908925.5,0.0,0.0,502
0x01dda15bf1757e1e8542685c0c8b3362594541fe,5,4,0,0,1,0,0.0,0.0,23208333853.6445,0.0,0.0,508
0x01ddafdf69ca8f68849792a529e9876eca5b7c60,1,1,0,0,0,0,0.0,0.0,1160738150103.8801,0.0,0.0,502
0x01de22e803cd36ef6a998bff17354ac530311e08,9,6,3,0,0,0,0.0,0.0,1.5420074618299104e+16,7107067495490709.0,0.0,512
0x01df05ac0537407f6806fe2b043cc90cff0309ef,2,1,0,0,1,0,0.0,0.0,2853976634324797.5,0.0,0.0,502
0x01df1820734306731510aa06ac7903b349f112d4,7,2,0,0,5,0,0.0,0.0,125404553815012.45,0.0,0.0,504
0x01df5786b43e513ba91d24082cbe82046199c03b,3,3,0,0,0,0,0.0,0.0,4303755884471.63,0.0,0.0,506
0x01dfc8d38640393a0a4d5f6f3b1f6cec158abf21,7,4,2,0,1,0,0.0,0.0,575139287617201.2,120908363824399.16,0.0,508
0x01e05c9e290cc8954ea88d811244139d6bacd66b,1,1,0,0,0,0,0.0,0.0,1.1022225657828477,0.0,0.0,502
0x01e0647f46e0122dbab82dda67af432614b50f6c,1,1,0,0,0,0,0.0,0.0,38250725726.55265,0.0,0.0,502
0x01e0991d5803659f581a670f955b3079e419be3b,4,1,1,2,0,0,2.0,0.0,104077732597814.08,40.29019501593634,39.87036164317394,708
0x01e0c7b70e0e05a06c7cc8deeb97fa03d6a77c9c,1,1,0,0,0,0,0.0,0.0,0.09977390278716988,0.0,0.0,502
0x01e156b9378aaaf9215cc50f0e6b1ead24fff6b0,10,5,5,0,0,0,0.0,0.0,1574793022271546.5,909542646192994.8,0.0,510
0x01e198818a895f01562e0a087595e5b1c7bb8d5c,51,30,13,0,7,1,0.0,0.0196078431372549,799910753234072.9,262129786540935.56,0.0,551
0x01e1e6302187f122cbeee03913c80efbe4c049f4,2,1,0,0,1,0,0.0,0.0,835285833352801.6,0.0,0.0,502
0x01e21477fc4a6395ca9b6873c014a1c7181158e1,16,5,2,4,5,0,2.0,0.0,499130357537994.0,503205294118789.0,501421462726425.8,1000
0x01e39d91be30aaa753a7ff3256cd371abcc17d62,1,1,0,0,0,0,0.0,0.0,224261430606.49323,0.0,0.0,502
0x01e47909e37b86e1eed4b8bad33e4750b1f20ec7,1,1,0,0,0,0,0.0,0.0,1.1890566087937129,0.0,0.0,502
0x01e49a2483d3337c0c4ba9dba68f28f6a36398ff,1,1,0,0,0,0,0.0,0.0,418866385477933.75,0.0,0.0,502
0x01e4ac55758ba9f93d28aeb4f3922b6a7905aaed,4,0,1,2,1,0,2.0,0.0,0.0,31748.55942740502,63497.139688203315,1000
0x01e5a509402cd50fa2bf506a4ac58ac5fd2ad4f9,1,1,0,0,0,0,0.0,0.0,201387915850.41495,0.0,0.0,502
0x01e62987e05a45c8c304afa015d4fc3cdfcb944b,19,10,6,0,3,0,0.0,0.0,2020430807805971.5,958222075380062.8,0.0,520
0x01e6f806b2d34a64bbd982731f49fe6babbed7b7,4,1,1,1,1,0,1.0,0.0,5181859968000007.0,1499.3251200000018,1499.3251200000018,619
0x01e6fd0ae73d9194b19f9b376065577927a0d5f5,19,14,3,0,2,0,0.0,0.0,5936179296896978.0,1950.1492522140836,0.0,528
0x01e7ad3b646b58a1e976230f9bf0215235132a76,1,1,0,0,0,0,0.0,0.0,1207712516504.2495,0.0,0.0,502
0x01e859c314e9ae31bbd455affaa2a54ce3f3019e,83,35,24,1,23,0,0.041666666666666664,0.0,2229551594632034.0,557332926973645.44,20.0143430884225,577
0x01e8a979e7c5a1bb5c7af02a5f11263d0af4c19e,2,0,0,0,2,0,0.0,0.0,0.0,0.0,0.0,500
0x01e91f9f5612d156f617474a8c231fa3eda78f56,23,16,2,2,3,0,1.0,0.0,5559371117258092.0,3563015326427650.0,3475465960102161.5,1000
0x01e9bdde9367a41dbb7883042d524720b207fc2c,1,1,0,0,0,0,0.0,0.0,0.996970848000001,0.0,0.0,502
0x01eacf1d1ccf7f656fda1b95beafdb3c7fc396a7,63,18,17,14,14,0,0.8235294117647058,0.0,1757310103095400.8,895513610193346.8,371353496730242.56,1000
0x01eb9de460ba2c8058094398528eb63cb426e1ad,2,2,0,0,0,0,0.0,0.0,2.259609878203448,0.0,0.0,504
0x01ebce016681d076667bdb823ebe1f76830da6fa,279,90,55,52,82,0,0.9454545454545454,0.0,1.089037217396961e+17,6.540857745033342e+16,6074683668528415.0,1000
0x01ec73e85387403880b4e3bec129011d705597a5,8,1,2,2,3,0,1.0,0.0,2001.991211844086,1494.3287216959484,1491.7820230137477,622
0x01eccdb2d737b7a41f7aa4ee4358be8304b15588,49,12,8,10,19,0,1.25,0.0,3645608069375913.5,5138.743520480164,4141.396184983132,720
0x01ef754f461fd19d4a7ed320c83967daabf3d303,1,1,0,0,0,0,0.0,0.0,9789765599756056.0,0.0,0.0,502
0x01efa99a5c0b22ea6e5bfd65755c21291f3975b2,1,1,0,0,0,0,0.0,0.0,0.013620816290472319,0.0,0.0,502
0x01efd269b5c99b2b64344f1785a47e25521bff14,8,5,0,0,3,0,0.0,0.0,599140902442136.9,0.0,0.0,510
0x01f0445e1b716a459c6ebe591396fd39a7bcf0ef,2,1,1,0,0,0,0.0,0.0,146273208010.28442,14627320801.028442,0.0,502
0x01f0592d70220b0bc1802d27d90c22ff40dd7161,74,44,1,1,28,0,1.0,0.0,5552309135233392.0,602.1225359178495,599.1243745789372,696
0x01f0d5ddaeeb6a72adfe7317c29e74fa27a7586a,1,1,0,0,0,0,0.0,0.0,25639935122.25477,0.0,0.0,502
0x01f0e6c7770fb8b2f5cc4192ac01fed4169939a2,21,18,1,1,1,0,1.0,0.0,346653524371975.7,98.91414366331195,57.3026986962666,639
0x01f0ff5cdd43d82a60f6a34728b71aa7e6f634c4,1,1,0,0,0,0,0.0,0.0,36075185937876.27,0.0,0.0,502
0x01f1653767650005337f99854cc99b5ee12229c5,2,0,0,0,2,0,0.0,0.0,0.0,0.0,0.0,500
0x01f19cf8a76594dcd6ad72d6968d3fe2267e63bd,1,1,0,0,0,0,0.0,0.0,180715801857.51602,0.0,0.0,502
0x01f1ae8f24996231dec702d1456eaa3b8f4d9efc,2,2,0,0,0,0,0.0,0.0,2041880754920.4133,0.0,0.0,504
0x01f2f5cede4da7765dca5bcc7784d57951b39258,8,4,0,0,4,0,0.0,0.0,3636.6072145937383,0.0,0.0,508
0x01f39cba6f6ca1cbe205655f397db9abc6cb05ef,3,1,1,1,0,0,1.0,0.0,14360238335779.723,417.34765175500405,417.34765175500405,609
0x01f3f3f49de0fc38bdf70e8c941d972cdf870a82,5,3,2,0,0,0,0.0,0.0,1923765049924045.8,249495225578661.28,0.0,506
0x01f4ab6cd1d55e15c361faf58d8f278df3213822,1,1,0,0,0,0,0.0,0.0,5049847026000015.0,0.0,0.0,502
0x01f4f43ed2f3f9c5761851a5ec025035c5181430,1,1,0,0,0,0,0.0,0.0,1.0328961945680362,0.0,0.0,502
0x01f53288c7cc98c053efeef23ba660ef2493f646,27,17,10,0,0,0,0.0,0.0,6124106077356.553,2871757242182.1396,0.0,534
0x01f548245a230862b0344c2b01ee2c0c3295360e,22,12,0,0,10,0,0.0,0.0,2.421264668827999e+16,0.0,0.0,524
0x01f55b5372ecaf891d1af44f9197361362e9e2f8,6,5,0,0,1,0,0.0,0.0,617298238365382.0,0.0,0.0,510
0x01f562afdd11c353a9b56028b2a34d2bbbde4b14,91,18,29,34,10,0,1.1724137931034482,0.0,2.705962405335217e+16,1568759630768370.0,35270.59075869817,1000
0x01f62341f6eb0b03584fca08c165aee0312b1084,106,43,30,15,18,0,0.5,0.0,214794855322719.88,160775898391182.97,161094815265766.3,1000
0x01f653058536d36bac0b16b90075f1f2acd83f4f,2,1,1,0,0,0,0.0,0.0,22730475876.687935,11365237938.343967,0.0,502
0x01f73f5a9da9f2989d9c3933a4b99d080324a91e,10,4,2,3,1,0,1.5,0.0,139978334055292.36,33172198885280.574,13689654904772.244,1000
0x01f8739eeafd143dc5ba952c2731aeb98c309b05,7,5,0,0,2,0,0.0,0.0,2828876931239.0776,0.0,0.0,510
0x01f890b15fc99eccfb75b97c6fa0da97deef966e,60,25,17,6,11,1,0.35294117647058826,0.016666666666666666,2.1274164218388252e+16,5532764633716711.0,5533951824784369.0,1000
0x01f9605611b8490c0c70f40979c61b21dc1b6f3e,4,1,1,1,1,0,1.0,0.0,513.5905266460809,391.5460654017387,399.57237135902045,608
0x01f9df3cdb1bef9e545192e05bde30c9baea4ae7,1,1,0,0,0,0,0.0,0.0,3577737557002.618,0.0,0.0,502
0x01fafce84d64cb19cbee9c511f7569432e333962,1,1,0,0,0,0,0.0,0.0,228212357338.17035,0.0,0.0,502
0x01fb51f8a664f0f2b7cf8f6eee89f7c1b7e05ba1,7,2,4,0,0,1,0.0,0.14285714285714285,1.4188468178514285e+17,32053.86992095577,0.0,470
0x01fe10d03ae408b8af5b19b3b70c67980cf1bdcd,2,1,0,0,1,0,0.0,0.0,0.2186430973181979,0.0,0.0,502
0x01ff3a6ae27f59ac1a706568749aac2632520008,6,3,2,0,1,0,0.0,0.0,613267500000629.5,575.5609149712501,0.0,506
0x01ff5a365d6cdaa587779491837ad55d4862e906,2,2,0,0,0,0,0.0,0.0,2.6908507745189048,0.0,0.0,504
0x01ff899667efd1331384da95697dd2e6fc17c188,7,5,1,0,1,0,0.0,0.0,4064624056360081.5,5961.25124374859,0.0,510
0x02011525ccae23e3593bfe8ecc18f716c9e67438,12,9,2,1,0,0,0.5,0.0,3381178109613064.0,753.6548242682248,500.41394838254837,576
0x02018c095778c82015bc7e48df4154519d62605a,2,2,0,0,0,0,0.0,0.0,2298637510403.6206,0.0,0.0,504
0x0201c8796114f0896085dccb8231db824bf0e1d1,4,4,0,0,0,0,0.0,0.0,4763503792750.799,0.0,0.0,508
0x020245ea7a029bcfc193b0819cbfca6e96675e95,109,68,21,10,10,0,0.47619047619047616,0.0,6299892828727924.0,3586439989455073.0,3951.4272638788448,753
0x020265bc7ecc8b018c496f8bc4c6aa3ed1784e5a,29,10,6,7,6,0,1.1666666666666667,0.0,2.7529174434237748e+16,32062.15566422078,25032.487841248243,907
0x0202ef0ff22c58039de970c4460c9ebd2ed6b309,63,30,7,6,20,0,0.8571428571428571,0.0,241100684554826.38,20746664993654.703,20746664993613.59,1000
0x02030f00b8c816895f3ee4e341f381df245c8ba4,71,71,0,0,0,0,0.0,0.0,260583128.62380067,0.0,0.0,642
0x020382149c54575b9215b536e9b39aa57a6f6426,2,2,0,0,0,0,0.0,0.0,1006336006618.1965,0.0,0.0,504
0x020421af918192bb67d35e9ff8caeb692bf4d196,5,1,1,1,2,0,1.0,0.0,27.38269136164797,5.904668990037402e-05,5.904668990037402e-05,605
0x02046acacadb33eb1f56bc4c898ef0a54318c971,2,1,0,0,1,0,0.0,0.0,18927753001820.105,0.0,0.0,502
0x020549fe67d28f6fda4b7fc404f8195866110927,1,0,0,0,1,0,0.0,0.0,0.0,0.0,0.0,500
0x020636327a0ea3a6ab57751a51564aca8a266683,1,1,0,0,0,0,0.0,0.0,1.1065475110027911,0.0,0.0,502
0x0206539c19b2791dfa12ef09a64f37bf81c7bdbc,15,0,0,0,15,0,0.0,0.0,0.0,0.0,0.0,500
0x0206bc8fc7c1e8635d14f73c0fdb035493f2fd84,1,1,0,0,0,0,0.0,0.0,194395083450000.2,0.0,0.0,502
0x020793b7db7551b1d70877579370096b3db0db07,242,109,55,35,43,0,0.6363636363636364,0.0,1.8355456659638387e+17,495228874481491.5,493109079126268.7,1000
0x0208a135fa0a8236d2ff8b220037e75922971bb7,1,1,0,0,0,0,0.0,0.0,1423579460412.2378,0.0,0.0,502
0x02090a54a4be0b3515a673b720381086a5fd59e4,3,3,0,0,0,0,0.0,0.0,4920458903732.202,0.0,0.0,506
0x0209707c0d22fdf56004f99d141df2e4a93ff21a,27,12,6,0,9,0,0.0,0.0,6427864279871991.0,6118439409115146.0,0.0,524
0x020989d06ab6d1900d1152ea3fb4a756e3ec096e,23,10,4,1,8,0,0.25,0.0,3551809204597047.5,2006.4906873443983,2003.2040756663096,568
0x020aa5bec1a613a41519421058cab6196db88cdb,3,2,1,0,0,0,0.0,0.0,5989298882342.23,567053225880.9813,0.0,504
0x020b1d7007c0d7c42fdb22ed5c31590ccab0c402,4,1,1,1,1,0,1.0,0.0,1390506843369644.2,599591467692961.0,599411236800000.9,1000
0x020b932b9ba829010d54fb9c397955523b47e363,1,1,0,0,0,0,0.0,0.0,99526061.06787422,0.0,0.0,502
0x020be4338b750b85c73e598bf468e505a8eb76ea,9,3,3,3,0,0,1.0,0.0,286830873774504.2,16.051602583273862,15.993589836776584,615
0x020d26d3389a999835b7f666e8b3c5efb44f12e8,2,2,0,0,0,0,0.0,0.0,1.3161975895898728,0.0,0.0,504
0x020d51824fd9968c7620a703120f6fcdec8cc33e,2,2,0,0,0,0,0.0,0.0,1104566459009.8157,0.0,0.0,504
0x020d56e549db2ca35fac74118b28f159500701c0,30,2,8,13,7,0,1.625,0.0,3772867746759610.0,2155571082609863.5,2818060035824690.5,1000
0x020d8c51dcfc958099b4bdd433492c0aa7dbedcd,18,11,0,0,7,0,0.0,0.0,2032894235652951.8,0.0,0.0,522
0x020fdc5da72fc36e81a5cbbee9baa451cacc9f8c,10,0,2,4,4,0,2.0,0.0,0.0,150300188061850.7,150109165566620.6,1000
0x020fe455d61d20f1f7eab9c3f9540a3ab8a35482,29,13,8,2,6,0,0.25,0.0,1334003156437318.5,114262209928382.12,84.94080578645729,557
0x021028695eafdde60e139d87000a8bd6cb65645e,1,1,0,0,0,0,0.0,0.0,8775965517803.684,0.0,0.0,502
0x02108bb399fe187b5efa1174a94c9a5944f9d7b9,2,1,0,0,1,0,0.0,0.0,1052.6352044843281,0.0,0.0,502
0x02109c4e00d7a22a9e00ff429a42ff8f14ca090b,2,2,0,0,0,0,0.0,0.0,20250975990027.79,0.0,0.0,504
0x021174b0d7d6040b503d7a967e9b56c0ad40da5c,3,3,0,0,0,0,0.0,0.0,247247575995.99988,0.0,0.0,506
0x0211cc3e0a76e7638b6d2f540b444d313448eb91,2,1,1,0,0,0,0.0,0.0,2238362875294.743,559590718823.6858,0.0,502
0x02129dacaf309e51cc4f6f0635876f03789ae77b,1,1,0,0,0,0,0.0,0.0,1033358994925.0803,0.0,0.0,502
0x0214917734b5d8ea94239b31df6cb2762e7b9dfa,2,2,0,0,0,0,0.0,0.0,1.023134777636892,0.0,0.0,504
0x0214b549ba0b87c4e614e0c986036cf6c1a9979e,1,1,0,0,0,0,0.0,0.0,4793447145.220482,0.0,0.0,502
0x0214c5c41f5249166aab9a12213ac0e2119d2cc8,42,26,5,7,4,0,1.4,0.0,3.028066373226729e+16,4092.4551242611424,4099.131037942432,753
0x0215c2f6db85805f14b1336a9fbb776f3f4e761c,3,3,0,0,0,0,0.0,0.0,450504766140.35986,0.0,0.0,506
0x021629275e3b9846e1c274270858923561738de4,1,1,0,0,0,0,0.0,0.0,0.011777688801599408,0.0,0.0,502
0x02164c173b2043edc72d4a72e88f661a4da3c779,1,1,0,0,0,0,0.0,0.0,423327903191465.75,0.0,0.0,502
0x021690c899ae56dbcf851ba0305659d39b557622,57,25,7,9,16,0,1.2857142857142858,0.0,1838783409789052.8,747834200992420.6,748447672649451.2,1000
0x021692861cf66465a67474eee95d3aeb60ee6171,3,3,0,0,0,0,0.0,0.0,290251339763.00085,0.0,0.0,506
0x021699aaf005dabd166bf803c65fc90529fcff4a,6,3,1,1,1,0,1.0,0.0,9962208431.770811,996220840.7837088,996231052.3465766,1000
0x0216bebed0b277842b010943d820e00993127859,2,2,0,0,0,0,0.0,0.0,2.028684788709791,0.0,0.0,504
0x0217a24fcd55d5efb5e3805c8c2cb317098c71a9,1,1,0,0,0,0,0.0,0.0,1128308577876.8242,0.0,0.0,502
0x0218326332b562c795c8c014e441fb8816bc64f6,1,1,0,0,0,0,0.0,0.0,1.1008358534001612,0.0,0.0,502
0x021925c5be94b49d67576ab377b8e3073745b035,3,3,0,0,0,0,0.0,0.0,1.0432182057674497,0.0,0.0,506
0x0219a224a191ac58ae6ca71dd2edcbdb5c7423a2,2,1,1,0,0,0,0.0,0.0,152870795274.59854,15287079527.459854,0.0,502
0x021a17e276d22dbda6b262c1c67ab256b9b06857,5,2,1,1,1,0,1.0,0.0,248033591803517.3,82397738277096.1,144079875416597.47,1000
0x021a8b9be65c2c5f0509c2350ff119b2b5027d50,1,1,0,0,0,0,0.0,0.0,167439283874.30203,0.0,0.0,502
0x021a919bb0a2e9ec115f58b6347edc8f63bc3056,1,1,0,0,0,0,0.0,0.0,156516338367397.3,0.0,0.0,502
0x021ac46670e1c00e1151bb6dd05b4d1bb10aa4ca,21,14,2,2,3,0,1.0,0.0,780213.700900079,602778.698050219,499230.842892567,1000
0x021b267501e4946dc87ff450efd326377c47240f,1,1,0,0,0,0,0.0,0.0,1.1186022294929387,0.0,0.0,502
0x021b65231f1b70a5bc05e3f6099339494b72275c,4,1,1,1,1,0,1.0,0.0,1.3878961099270528e+16,3999.961077419166,3999.961077419166,644
0x021c6758d5c8f2dc1317a9a6c155dad02cf85b98,1,1,0,0,0,0,0.0,0.0,1250833170706.541,0.0,0.0,502
0x021c7886dee93cabe5960f193fad895441597fe2,5,2,0,0,3,0,0.0,0.0,233.77918722843458,0.0,0.0,504
0x021d5abea6efbcd5dba2c8ae9237471448ea0856,12,7,4,0,1,0,0.0,0.0,192624093521864.0,55225000267708.25,0.0,514
0x021d8505c6526352848beab51d87f89ea75446a4,4,1,1,1,1,0,1.0,0.0,2864457131166971.0,1198803412993651.8,1198803412993651.8,1000
0x021d8fff35bf18608ad5e5e979bd59b21721f9c4,2,1,0,0,1,0,0.0,0.0,10109.223583295829,0.0,0.0,502
0x021e14e26f9589af38507e5f9a05cbf83ab732b7,1,1,0,0,0,0,0.0,0.0,35614512898.70565,0.0,0.0,502
0x021e25bf7703ddc1b03a6000696ffc34d3c53711,3,2,0,0,1,0,0.0,0.0,18159131272.39092,0.0,0.0,504
0x021f017127a021040b0ee4f3ee0c8bc1bfbad505,2,1,0,0,1,0,0.0,0.0,1042.8343796892402,0.0,0.0,502
0x021f38631f346fd5b05f6e73414881b29f959b88,1,1,0,0,0,0,0.0,0.0,207826696381.7729,0.0,0.0,502
0x021fe7301b7e40ef740ba6bc4957864967aaa2f1,18,7,2,8,1,0,4.0,0.0,3727850253497138.0,2099.386915717228,1029.3967629354597,948
0x022064c9f712b52d7afff7263527eabebf59a71c,4,1,1,1,1,0,1.0,0.0,482.5019677307126,2.0991173387673037,2.077745889069594,605
0x02206509a713e003bd099fd12a2edfef9af84665,4,3,0,0,1,0,0.0,0.0,856086038718223.6,0.0,0.0,506
0x0220848dbcb1403f3faae97e30dd2adef05cf91d,4,1,1,1,1,0,1.0,0.0,3176854896440124.5,399.9863032847389,400.4764340070665,609
0x0221049b11fc262500edcef74c4b84e9454b681f,60,30,17,7,6,0,0.4117647058823529,0.0,2252603067898842.0,767740505625992.6,140305265346843.11,1000
0x022131eacc4208eaf3e3b7cda7f17b267f529127,1,1,0,0,0,0,0.0,0.0,1024275139595.3795,0.0,0.0,502
0x022170e70f0332cd8bf0d1578694c5d29eb9d79d,12,4,2,2,4,0,1.0,0.0,4.7769691446136744e+16,3.773467503363006e+16,3.68667419872983e+16,1000
0x02228784b938b4463de83d66bbfcde22682569d9,4,1,0,0,3,0,0.0,0.0,1.5042265859288095,0.0,0.0,502
0x02238e3ff83f90c8299663119271d24a105158fa,43,20,11,4,8,0,0.36363636363636365,0.0,444342793139185.44,364530445532424.0,370512963879279.25,1000
0x0224b2311d5968fa00a42103788b2f4ccd0651ad,146,74,15,29,28,0,1.9333333333333333,0.0,4444791102659741.5,672527052657052.5,460705517160335.56,1000
0x0224c4b1947b01be8f3c0629a65a05a59174905a,3,2,1,0,0,0,0.0,0.0,112888.11257344083,302268622601828.7,0.0,504
0x0224c5a4e8bb58fcbe9e537ee8b9ac2f874a6ad9,2,1,1,0,0,0,0.0,0.0,111918143764.73717,11191814376.473717,0.0,502
0x0225949faef9a120994a5501e30a161b418b6371,22,6,3,3,10,0,1.0,0.0,153245679218809.34,18923.199727217507,19137.77666569218,812
0x0225c9cc9a6413812b15ad1c706c3c8b90c0459f,68,32,15,6,15,0,0.4,0.0,3216280224486371.0,34066.2085945785,34026.73038325031,962
0x0225da6feb71826cf6982af99cbc86fced60dad0,2,2,0,0,0,0,0.0,0.0,1045048790708.8726,0.0,0.0,504
0x0226650b3c0931feaa9330611c1afdfc3ae02aec,4,4,0,0,0,0,0.0,0.0,1185.6122675860577,0.0,0.0,508
0x022701fa58cdb70211a1d7c7f54880ecb0a6696a,2,2,0,0,0,0,0.0,0.0,26684639114.735542,0.0,0.0,504
0x022706bf59a56d4eaa13c079e233bb39389148c0,2,1,1,0,0,0,0.0,0.0,1000392454066840.1,450.731559161029,0.0,502
0x022721a2c92011474105b443c3f4b00cc17e9b04,5,0,0,0,5,0,0.0,0.0,0.0,0.0,0.0,500
0x0227bca5020404a04e76eb3b2c4162a4ef9f0ec0,4,4,0,0,0,0,0.0,0.0,1.018971980076546,0.0,0.0,508
0x0228213c43f6c2634a1bdad2fcab7316256cdff6,210,121,50,14,25,0,0.28,0.0,7.992902169126458e+16,2.0418367936614348e+16,5101967535775980.0,1000
0x02284b35e4d03658aa5f6e63320c1185ed916258,10,5,1,0,4,0,0.0,0.0,2031425078126980.2,602.5625496444177,0.0,510
0x022860885b57964e4daa35e0838a9427a861ef65,18,5,3,4,6,0,1.3333333333333333,0.0,4016086233604991.5,3012064675203494.5,3041958008262596.0,1000
0x0228c4032162fc5485f00f2638822c15f32ca561,38,22,5,6,5,0,1.2,0.0,9.989465727133595e+16,6742.752697715093,5308.9147642249145,735
0x0228d303473dba1d64a1ebdf22ffa011408bf93c,4,0,0,0,4,0,0.0,0.0,0.0,0.0,0.0,500
0x022912e31d168930df41a7d0860a588a53a2fdd6,3,3,0,0,0,0,0.0,0.0,3.355431340509117,0.0,0.0,506
0x022953327bdc06b41b8888e6cc8b0b3eaf8f9500,1,1,0,0,0,0,0.0,0.0,1.0962689627812723,0.0,0.0,502
0x0229a3d4fab214ac8ae4fe6a5bb1b7279592ac9d,4,1,1,1,1,0,1.0,0.0,1000378323518.3086,0.5001886942457638,0.5001886942457638,605
0x022a09f4cb866d4d70853c9f8d50ce33f1fa0db7,58,31,13,6,8,0,0.46153846153846156,0.0,995075357102149.8,345.8599471154302,335.0178404238467,629
0x022a109627e1f304eb65977c61b99b0b894868e5,15,7,3,5,0,0,1.6666666666666667,0.0,2867864908524419.5,468.53655326627984,467.8448106029176,700
0x022a4e92b9a9b3334d61c6bdfeb6dfe9bf7bcc7d,2,1,1,0,0,0,0.0,0.0,113652379383.43968,56826189896.89969,0.0,502
0x022a5be21c7b835e1f44700c8845d97d6d045a73,2,2,0,0,0,0,0.0,0.0,2.259609878203448,0.0,0.0,504
0x022ac4cd6291b77ba01ad70f61f5fff60198ed82,2,1,0,0,1,0,0.0,0.0,10.037114452863767,0.0,0.0,502
0x022b36e7d24e441b4d5e8293b94552773fdef176,5,2,1,1,1,0,1.0,0.0,125353.88241508172,105006.54333271833,104978.87931368062,1000
0x022b3fa410364e1e28054b704b0da3b67aa6dc90,47,17,14,7,9,0,0.5,0.0,3.1519646875491967e+19,2.3050714013593272e+19,1.7343435252515338e+19,1000
0x022b4cb0486ddba599ea38a28134ce571883dc5e,1,1,0,0,0,0,0.0,0.0,185793360991.19412,0.0,0.0,502
0x022b755d4b5db88a2c32499fa667904fbe24c928,100,28,15,17,40,0,1.1333333333333333,0.0,1.8226003724458796e+16,2828832017237007.0,2826551540111532.0,1000
0x022b8932c3ca883592e054a6ea2977fe4f4dbe7b,2,1,0,0,1,0,0.0,0.0,0.10020493478604486,0.0,0.0,502
0x022b9608392711481a768f61a7305747d33c2649,1,1,0,0,0,0,0.0,0.0,1.1112026751827355,0.0,0.0,502
0x022ca32d31da3ef85922aafd9ad29c5b2418172c,62,20,13,3,26,0,0.23076923076923078,0.0,2.956565534690623e+16,9790951882924024.0,6322878317410988.0,1000
0x022ce4715b44ef6f0ead8561b29da676928d16f3,7,2,1,4,0,0,4.0,0.0,1.7485084346300034e+16,3473.8286450100372,68.12852214660754,916
0x022cf8fcf32a0af972cb723d82e0120b43c79af0,5,3,2,0,0,0,0.0,0.0,490558175697.9395,158159032150.99374,0.0,506
0x022d41d3071853f439b0d861a93ff9834b822d36,12,7,4,0,0,1,0.0,0.08333333333333333,2070719237751185.5,1099.1118662670601,0.0,492
0x022d9d334a2ff3ccd372fa345c87106e3428b0f4,16,6,2,1,7,0,0.5,0.0,3204906358713309.0,44.271600800747315,44.17579691977949,565
0x022db3d2cb668693ea15009057076a7f5e973ab7,5,1,1,1,2,0,1.0,0.0,4755.251710165159,3804.2014308264497,3806.518558311787,643
0x022e790edabe6999a2b81dd92f685093f4371b70,1,1,0,0,0,0,0.0,0.0,18250767087459.414,0.0,0.0,502
0x0230b6df83cc33bcf9c7c29ace1ae5078fe36b74,92,30,34,12,13,3,0.35294117647058826,0.03260869565217391,7468612803387899.0,1808830249095980.0,15238.423482098307,762
0x0230bc307520081725023ab397785a35a96f233c,22,10,3,3,6,0,1.0,0.0,41562865298648.46,1556.2049944785276,1546.359250729444,644
0x0230d420819b2654845fb9c570ac53c969b6c386,57,30,11,9,7,0,0.8181818181818182,0.0,1.0722498296120104e+17,39148.656375979306,26797.049678824515,936
0x0230ddd091c49400b810ba8cc3953de9d803a75b,1,1,0,0,0,0,0.0,0.0,1183081301590.4563,0.0,0.0,502
0x0231941abbc3dd9ced1f3279dcf862ff5c233c4b,1,1,0,0,0,0,0.0,0.0,1.0440088287780853,0.0,0.0,502
0x023199a96a6e1ff70f46d6c6f4b3045ffe41d2dd,2,1,1,0,0,0,0.0,0.0,267.5941816665254,145.89408085402522,0.0,502
0x0231ef83f09887b434cbf714c3e2c1a53447f2d0,1,1,0,0,0,0,0.0,0.0,171810579461887.88,0.0,0.0,502
0x0231ffe3d56064d3e480fbc47742d6bfb59a9101,2,2,0,0,0,0,0.0,0.0,1.572085084286767,0.0,0.0,504
0x023234656d0c392c955965ed34e5b4862ffd1574,3,1,1,1,0,0,1.0,0.0,1131669423665000.2,497.93459100039206,502.19265552391755,610
0x023361359d0b6214e3810116f6e4edd51c24edaf,2,1,0,0,1,0,0.0,0.0,6436939896067.145,0.0,0.0,502
0x0233760ac2ae6fa40dc3864ea95f7721cae8ed2d,14,7,0,0,7,0,0.0,0.0,1.6771511330250179e+19,0.0,0.0,514
0x023430b58f86aa69730c8ab59fad2d2f4eea37cd,1,1,0,0,0,0,0.0,0.0,186.9811555834601,0.0,0.0,502
0x02347ae1abf2e0cd763a592842aa5d6548ca0b3d,1,0,0,0,1,0,0.0,0.0,0.0,0.0,0.0,500
0x02349bc43d584a0f18fef86627d22eb4f362454b,32,11,14,5,2,0,0.35714285714285715,0.0,1692348407988.1697,173.5712612133379,23.902711626178135,572
0x023768fbb4dcef5ce609f8d262cebc33860e9c30,4,1,1,1,1,0,1.0,0.0,1548136618504305.0,666643201602000.8,666643201602000.8,1000
0x0237998acdc4cf790faeddbae7d2c6b223d4e938,4,4,0,0,0,0,0.0,0.0,1.5013207743451882e+16,0.0,0.0,508
0x023876998090f4a06ad08b13fd942e44d3168d2e,38,24,12,0,2,0,0.0,0.0,2.40861689805009e+16,1.1033192316336464e+16,0.0,548
0x0238d0aa37457dc99a0e9a41d109b861f0aa0b96,12,6,3,1,2,0,0.3333333333333333,0.0,491230103755161.7,259568120779901.78,337486073111807.7,1000
0x02392917c57206903ef11d936c65d3c454fde057,2,2,0,0,0,0,0.0,0.0,3.133624125678061,0.0,0.0,504
0x023ac6a83885a2fcab7d5302534e5b3879e744c0,1,1,0,0,0,0,0.0,0.0,1.1066181601083251,0.0,0.0,502
0x023bbf778d8f5dd2e8e469f6e627f57d3b97faad,1,1,0,0,0,0,0.0,0.0,1018264013408.6174,0.0,0.0,502
0x023c3e0bc65999c66d0711bcb2e2d30152895fd1,2,2,0,0,0,0,0.0,0.0,1016395469511.4362,0.0,0.0,504
0x023c43727bec8aeb89a47d828af31b99e97308b4,5,2,0,0,3,0,0.0,0.0,6282026239348544.0,0.0,0.0,504
0x023c95f5975ee83991047a4019a8fe7e4f8c56ea,1,1,0,0,0,0,0.0,0.0,1.0616944427488928,0.0,0.0,502
0x023cdc94241a89099f4be29f13c02121744451f1,1,1,0,0,0,0,0.0,0.0,1054518013060.0321,0.0,0.0,502
0x023cf85b4b860caa294d518e7e1f50b45361f3db,19,6,3,0,10,0,0.0,0.0,1438465120261945.2,80473218203066.8,0.0,512
0x023d1b3fb8c5159dc8c3d216cfca0ba8937a074f,7,6,0,0,1,0,0.0,0.0,310561741986256.94,0.0,0.0,512
0x023d208c4ded862fc9c4b77f6f751b781019ae9c,2,2,0,0,0,0,0.0,0.0,2.1802299931333957,0.0,0.0,504
0x023dae0fc6722a75972b277d5ec54885177ad68b,14,7,4,1,2,0,0.25,0.0,272794236312937.2,42335833084125.45,38.61349666362635,542
0x023dc0303836189bf3f921476a51ce6898f180ad,14,4,4,3,3,0,0.75,0.0,1727023116988415.2,2049.1024734950297,2055.835261295374,612
0x023dd37773b7aaf99ef979f3b3e0e89f1e838bcb,1,1,0,0,0,0,0.0,0.0,0.01327820558054065,0.0,0.0,502
0x023dd591110dea6c9414787180e9c7a0c779c0d1,1,1,0,0,0,0,0.0,0.0,1084797092665.096,0.0,0.0,502
0x023df098661175cddda47704d6cfef8fe5cd9c83,2,1,0,0,1,0,0.0,0.0,1152.0534604791876,0.0,0.0,502
0x023e358a8ed5782c72ed6ada3b71b41fa234e74b,5,2,0,0,3,0,0.0,0.0,1917939110482669.0,0.0,0.0,504
0x023e73aa5dc6a1feadad4410abb65a010a710fdf,1,1,0,0,0,0,0.0,0.0,185773218389.9951,0.0,0.0,502
0x023ebb99d4b85e6470c6e45a3f2e70ab446d3e7c,3,1,1,1,0,0,1.0,0.0,2273047587668.7935,1013680766296.0145,796976672626.967,1000
0x023f57cc43fb63b4d6d5a18f8f656d828c40e489,51,9,8,14,20,0,1.75,0.0,2102376064067271.5,2765223584581801.0,2967053227086441.5,1000
0x0240099b8b2b9a5b408e8de96131e93ed7fed9de,4,2,2,0,0,0,0.0,0.0,54646126640116.36,26396141351146.516,0.0,504
0x024053954b25e537a1eec0473d59e9d5e0b54200,29,9,6,5,9,0,0.8333333333333334,0.0,1.3005045712071746e+17,1.331524114616752e+17,1.3606835269942242e+17,1000
0x0240a0bc68d5a23dcb87ff51960bd67d01f6e247,1,1,0,0,0,0,0.0,0.0,0.01579383697253651,0.0,0.0,502
0x0242b6cc997fc1c438d01421bef7839932d9de26,1,1,0,0,0,0,0.0,0.0,10.653368552496307,0.0,0.0,502
0x0243c7769ed199491b84409f3e70dcc28a94acf5,2,1,1,0,0,0,0.0,0.0,15854237614.713926,0.0022509558575093108,0.0,502
0x02446a7eda8401db1e3ad37060042b14910350f0,2,2,0,0,0,0,0.0,0.0,1501682554.982449,0.0,0.0,504
0x02447847989945cf88041ee712d9cd8dcc8ecc36,1,1,0,0,0,0,0.0,0.0,952661534265.0251,0.0,0.0,502
0x0245126a00cc1d2030adc172e8940daac4cbaf18,1,1,0,0,0,0,0.0,0.0,17777370967.027267,0.0,0.0,502
0x0245f104b40838219ccb47ca912b957848072e5b,1,1,0,0,0,0,0.0,0.0,171699596803.9756,0.0,0.0,502
0x024606f945ea417907f07bfd1965b8e41260748d,1,1,0,0,0,0,0.0,0.0,178804584811.7056,0.0,0.0,502
0x0246b0a279dd8466ecba9b3b0af5f51076763e09,26,3,2,0,21,0,0.0,0.0,3631787879087366.0,2579.823046845173,0.0,506
0x024703e2966869ebf5a522a2796ec53e31bcf9e1,71,71,0,0,0,0,0.0,0.0,260583128.62380067,0.0,0.0,642
0x024713784f675dd28b5ce07db91a4d47213c2394,3,0,0,0,3,0,0.0,0.0,0.0,0.0,0.0,500
0x0247461af9aa7b6c38901ecc1ba56ec07b4481a7,1,1,0,0,0,0,0.0,0.0,1.6289419139533967,0.0,0.0,502
0x02474c6133b2e0de0e50811779436aaa300e49f8,1,1,0,0,0,0,0.0,0.0,1023424684910.6547,0.0,0.0,502
0x0247542b512035f5d1373358e86683a04b1c1769,10,3,2,2,3,0,1.0,0.0,61362.89861459688,36025.523773778776,35940.71547762707,971
0x0248d827e45291b75c60cd9c66cf4d5b8ed4223b,4,1,1,1,1,0,1.0,0.0,6169347316343135.0,2002.0139552350122,2002.0139552350122,625
0x02491d37984764d39b99e4077649dcd349221a62,279,185,61,13,20,0,0.21311475409836064,0.0,8.978142148170842e+18,8.527454930842108e+18,1.4986977299500073e+18,1000
0x02499b7b592820c7889e9dbe15a15d314c811ce7,5,2,0,0,3,0,0.0,0.0,9630.0952015958,0.0,0.0,504
0x0249bea8bd7820ce8c8f122dc48ca1a2adda1ca6,24,13,8,1,2,0,0.125,0.0,5.130909446377534e+16,59791.35914745188,569.4677104194807,547
0x0249e53c098646467fd551a8e16b1afc1c40ae7d,2,2,0,0,0,0,0.0,0.0,150168255380.1298,0.0,0.0,504
0x024a9d082eb98a353c3583bfd0050e2410f330c7,2,1,0,0,1,0,0.0,0.0,2.630397007568206e+16,0.0,0.0,502
0x024b52ddd4a3562768ecd61b1c2cdf35d0613e0a,4,0,1,2,1,0,2.0,0.0,0.0,5548.515910965345,11090.59200677009,816
0x024c33affbf5499b02d97ccc3358dcbc7640d1d0,26,7,5,5,9,0,1.0,0.0,23509.3721952947,16948.08878057161,16898.7824085741,797
0x024c74f59e3c377510243e305573f393ee48e9fb,2,2,0,0,0,0,0.0,0.0,2.259609878203448,0.0,0.0,504
0x024c96a25f56b855e2b50338ee6c0540205fb3ee,1,0,0,0,1,0,0.0,0.0,0.0,0.0,0.0,500
0x024d37ae44d299b9cef36d348232a66801c3a25a,6,2,1,1,2,0,1.0,0.0,957576974565242.5,441229170536905.3,442751764752857.94,1000
0x024e14fa72c351f132475f297f64521a7fae286a,45,17,14,10,4,0,0.7142857142857143,0.0,2.423627563700096e+16,372695391857023.3,353125855237285.0,1000
0x024e1c249abaa8f5369b3f4c4ae2b42fe4a42a1b,1,1,0,0,0,0,0.0,0.0,1.1060322739619481,0.0,0.0,502
0x024e3c5dce2044ccf6b28179b88e9db503ee5c11,19,6,4,4,5,0,1.0,0.0,1369643.622912161,868815.5185585276,894757.6243883311,1000
0x024f9b9537996ff27e6d57469418b14b77d91ce6,2,1,0,0,1,0,0.0,0.0,1952035500000000.0,0.0,0.0,502
0x024fa9444a644ca26705a48486b05d74292412aa,30,18,7,1,4,0,0.14285714285714285,0.0,628193434537510.5,56054610265407.9,56072101227275.99,1000
0x024fc1c9a1e23106bcaeda73744f4acd742e378a,1,1,0,0,0,0,0.0,0.0,114.90261307665243,0.0,0.0,502
0x024ff3388331e62d6f9503057d211d74650b1998,9,4,4,1,0,0,0.25,0.0,1109273005396547.9,496.27105353166746,7.898143296899032,536
0x0250d8bb140926f8ddc259c9387fe34ce0c8c57d,1,0,0,0,1,0,0.0,0.0,0.0,0.0,0.0,500
0x025123f35f34993e0ac581f118271e6170e2aed4,4,1,1,1,1,0,1.0,0.0,5687292761083044.0,1568732306636727.2,1568732306636727.2,1000
0x025145e68a91730eb521d9969da9dacbc73962b6,1,1,0,0,0,0,0.0,0.0,994607801.7237732,0.0,0.0,502
0x025173dbf24729ca136788bfc953c52d68f76c0b,1,1,0,0,0,0,0.0,0.0,0.009933015519749821,0.0,0.0,502
0x025199bf0c349f6cdc3935d708d08646e3960ba3,2,1,1,0,0,0,0.0,0.0,15854237614.713926,0.0022509558575093108,0.0,502
0x0251a94286c3a2cfebefd2558b916b7a6c180476,2,2,0,0,0,0,0.0,0.0,3.0127809911506267,0.0,0.0,504
0x025240adb2807492533b854de7764e85223c43e6,5,3,2,0,0,0,0.0,0.0,116790298995810.4,20.352327336709102,0.0,506
0x025297ca7459dd67dbfd8443d9b5f321e89fad83,13,6,1,3,3,0,3.0,0.0,321396003820966.3,3757907595309620.0,7511014725133182.0,1000
0x0252e3524f4d28702b6b3ab7aa7c8eacaa9caf4d,16,3,5,5,3,0,1.0,0.0,1.807122731274358e+17,1.0971330412968922e+17,5706034.330833339,1000
0x02535f81854b731a185a765286f7196c6c2b63a4,12,3,1,1,7,0,1.0,0.0,9432169810004762.0,40084.01307483977,39955.63158610055,1000
0x0253a60208a4b7e121489955e1c4c53c5e22eb24,1,1,0,0,0,0,0.0,0.0,183567359335.17093,0.0,0.0,502
0x025414a2fee2c30ac83ce3a4ae7e38e6162178b7,1,0,0,0,1,0,0.0,0.0,0.0,0.0,0.0,500
0x02541c321cf0f1bbbdec7325d816acbd2aafb882,1,1,0,0,0,0,0.0,0.0,50.287488151797014,0.0,0.0,502
0x0254569fb995558c568b0ba40f93cf5789f3eaec,9,9,0,0,0,0,0.0,0.0,3916685692560003.5,0.0,0.0,518
0x025466fb7e5351313939f54399fae325b62e53bf,67,67,0,0,0,0,0.0,0.0,240606211.41202098,0.0,0.0,634
0x0255c9d3850caca1152aeb20425c264787661692,167,89,25,38,15,0,1.52,0.0,5088840358808009.0,241316696085483.34,241140837273987.6,1000
0x02561edb032a795fa02e46d1ec922ef0fbca14a5,9,3,2,2,2,0,1.0,0.0,22657781751405.406,14643796839131.836,4534020919631.342,1000
0x0256b3d533b384fd24bfef8f61491ceea5426b5e,75,31,18,10,8,8,0.5555555555555556,0.10666666666666667,5.438298816843282e+16,9683361004746986.0,1235293069285563.8,1000
0x0256ba1f18ca0f91a93bdb2f218d91dd20ee428a,36,16,10,2,8,0,0.2,0.0,5553998544350070.0,5877733113498884.0,1243811268936312.5,1000
0x0256d43f6af4a9c14096c4d188a8d25380cc1e95,5,3,2,0,0,0,0.0,0.0,95025217370589.23,25911851221220.105,0.0,506
0x0257272644deb3c685ec485700b7ff8f375d8879,5,3,2,0,0,0,0.0,0.0,1309511575807431.0,675327388438043.2,0.0,506
0x02577874b50993e03070e7c7eefa78eac31cadd5,83,17,27,23,16,0,0.8518518518518519,0.0,4.863600182225474e+16,3.2692453371148436e+16,3.2774282726838932e+16,1000
0x025792a600b4844383a838f9ca9d97394ad23369,22,7,5,7,3,0,1.4,0.0,2715774944056245.0,141806105363929.72,143666147448924.44,1000
0x0257bc0be8a81893f201dd679e561e98b155c264,1,1,0,0,0,0,0.0,0.0,67338164329850.96,0.0,0.0,502
0x0257c9642f615dea26ba140f1f6e2875eed04031,1,1,0,0,0,0,0.0,0.0,9.871627828198309e-05,0.0,0.0,502
0x0257fc2aa74432212668a587a6e3ff0c0df2e317,2,2,0,0,0,0,0.0,0.0,2262297838822.803,0.0,0.0,504
0x0257ffe501e6d7670c5510b6d8a558eddea79475,9,2,2,5,0,0,2.5,0.0,3668685331499657.5,1606.1082013670011,1606.6140948457537,785
0x025817be5fbbe7db8bbac15f20c3c81852cef12b,1,1,0,0,0,0,0.0,0.0,1.1026112226396152,0.0,0.0,502
0x0258527810d6b6317e2a8426c765f88dd4064cd2,1,0,0,0,1,0,0.0,0.0,0.0,0.0,0.0,500
0x0258aa61198204d52dbed666326bed75b3a09126,27,15,7,4,1,0,0.5714285714285714,0.0,1.825517201759554e+16,100315321139164.05,101144341347100.77,1000
0x0258fefede90decf71000c32412f33726b27d5c0,11,6,5,0,0,0,0.0,0.0,1758075419283.2551,486773885.0843568,0.0,512
0x0259575795db48a8dbc036ca387762c95ceee9b5,25,9,5,4,7,0,0.8,0.0,4.937316110408083e+16,4.1166926852093944e+16,4.145987682104965e+16,1000
0x0259dd342c7cb02ed24445342620a1a502770d48,2,2,0,0,0,0,0.0,0.0,151285620810185.53,0.0,0.0,504
0x0259fa6d53ab21b16d8d3e95b81c99b5b74cff8b,1,1,0,0,0,0,0.0,0.0,1.0704355382156863,0.0,0.0,502
0x025a17b52b74fe913eb751ec001ed71bb188aaa3,1,1,0,0,0,0,0.0,0.0,1.8384128874655798,0.0,0.0,502
0x025acefa3cf20e71f44ccd3b81e2c1924602c48b,130,60,48,10,12,0,0.20833333333333334,0.0,1.692422152169114e+17,7.044666899505465e+16,1062158125867.5529,1000
0x025b6d0137e847ba5df51e8af8508e4874d2ddbd,86,59,17,3,6,1,0.17647058823529413,0.011627906976744186,1.3555488437580296e+17,3.792335471795595e+16,31121.666365334124,948
0x025bbb8ef2d8ade3ae7b2ed26765be344d94296f,3,2,1,0,0,0,0.0,0.0,116008698800035.62,51.04402309842374,0.0,504
0x025bc6b46c828a9cf89f036a447c269888207985,1,1,0,0,0,0,0.0,0.0,177091950779.87787,0.0,0.0,502
0x025cbfcaf636265ea78a5ca1bf1b688a84a3afc2,1,1,0,0,0,0,0.0,0.0,99555651195.91673,0.0,0.0,502
0x025e5b9df86443eb28827645c3db2a9a36c3d670,1,1,0,0,0,0,0.0,0.0,27123110338.736855,0.0,0.0,502
0x025fedc5cf1f0a2317f991a0d43322f763d1c245,1,1,0,0,0,0,0.0,0.0,202712507909200.3,0.0,0.0,502
0x02608d35121db289427f6fd4fa53e93b5cae0bdf,25,8,4,2,9,2,0.5,0.08,82826966662401.94,918239175330.0277,45.87709917511232,546
0x02615eb2838102011972e092add331d9e723448f,4,1,1,1,1,0,1.0,0.0,1925535531276773.2,696.0619053533222,696.0619053533222,611
0x0262af8dff0aca22f8484e83b92d55328701ecfe,4,4,0,0,0,0,0.0,0.0,1834704754288673.8,0.0,0.0,508
0x0263c0db809c695ddb08c0fbd4b0c5a2e41e9b1d,1,1,0,0,0,0,0.0,0.0,1.113943996378943,0.0,0.0,502
0x0263c51c0e9812f7702960c62678311867cf869f,1,1,0,0,0,0,0.0,0.0,179173376986.88675,0.0,0.0,502
0x026439f5f63c64472aa2a6c639003e1f5e8c8058,2,1,0,0,1,0,0.0,0.0,6.305791420318182,0.0,0.0,502
0x0264ac5bc4626a76eb59a761b1075a36c7b2b860,4,1,1,1,1,0,1.0,0.0,1407150233600001.0,549503880640000.4,549503880640000.4,1000
0x02662348a0c536e9444d8bc3cb6f9a5af39e3d18,1,1,0,0,0,0,0.0,0.0,146355143438.63928,0.0,0.0,502
0x0266e5afc61b51f53d3aa70dc6f2438656909d94,14,8,3,1,2,0,0.3333333333333333,0.0,636320206712610.6,181183507679970.6,88849437798284.08,1000
0x0267640eefc2a0c4ed2c3b7fc4cf7f920a215b4e,35,23,0,0,12,0,0.0,0.0,355621120419703.0,0.0,0.0,546
0x0267c58c62587e65e816d39570769fb34c9b4ab5,6,2,1,1,2,0,1.0,0.0,1046434.1209028221,769499.1730831028,767339.2085717005,1000
0x0267c774380db18ed0c9ca3e41ed086e53750480,53,19,23,9,2,0,0.391304347826087,0.0,1.3296905854411723e+17,2.119203602556584e+16,9787845494279964.0,1000
0x0267e55f02fcf8a26a2f5674321e02ff1971e6d3,1,1,0,0,0,0,0.0,0.0,1.148208445899979,0.0,0.0,502
0x02682dcf41d8edbb797dba7a1b8f761b52cc6e0b,9,2,5,2,0,0,0.4,0.0,71261718119651.17,360756646934002.7,218912340459338.03,1000
0x02688d5a7262c765ab251eedc673364e2a223f9c,3,2,0,0,1,0,0.0,0.0,1060113666359615.2,0.0,0.0,504
0x0268c472991073c5b959236d916b6801e5f0ac52,2,2,0,0,0,0,0.0,0.0,1060850045392.5018,0.0,0.0,504
0x0268f26c311fee1e2652b78e0f4b186239bb30e3,54,26,12,7,9,0,0.5833333333333334,0.0,177753636975536.5,89.10367564221626,89.42920167184162,632
0x02692deba5e6310b82cf8169058dda036cec8299,13,11,0,0,2,0,0.0,0.0,113448519457334.61,0.0,0.0,522
0x0269ae21dbae267fb041ee16ba8500dd0fde2f2d,29,8,2,16,3,0,8.0,0.0,1.055946394645196e+16,2512207856238827.0,2510755501544506.5,1000
0x026a45e4ee23f6777ef668cc21ce816e791926fa,10,6,2,1,1,0,0.5,0.0,24035011298700.16,5.9266815735533065,5.938174994484611,565
0x026a55d367905cc892280e5ba04d64e9d745b86c,127,66,26,14,21,0,0.5384615384615384,0.0,2.7146295375199997e+17,8.224053851445805e+16,8.123215685082474e+16,1000
0x026a70d0c086a56cc9118ebd416e69cc15a0ad7b,1,0,0,0,1,0,0.0,0.0,0.0,0.0,0.0,500
0x026a94e94cc11b082cd663b9d92fd07a6d708887,43,15,13,7,8,0,0.5384615384615384,0.0,490877166529.5786,766.1287482225351,766.5469374172786,612
0x026ad6ecd5124809d5f3b393f6a94ac195ca55b9,6,3,1,1,1,0,1.0,0.0,381006219100976.94,2028545706818.531,2028545706818.531,1000
0x026ad881fc19964d8d184b4a691d049cc59a45a6,1,1,0,0,0,0,0.0,0.0,0.013631256176391021,0.0,0.0,502
0x026b3b45e33986244fbbb060d1387bc896b0da8a,1,1,0,0,0,0,0.0,0.0,204338262172.46188,0.0,0.0,502
0x026bdccdd3a4327905c1075ae4b90908ec027add,1,1,0,0,0,0,0.0,0.0,27213268500089.234,0.0,0.0,502
0x026c2da77a4584478550de459a6abb848519ffe4,176,70,49,33,19,5,0.673469387755102,0.028409090909090908,3.196366140314127e+17,234834.9714376296,146618.90725635694,1000
0x026cfe8238076c5500416ce21c6c3b3e00484494,1,1,0,0,0,0,0.0,0.0,1.0944466583497874,0.0,0.0,502
0x026d639c41b00c686ad758543cf569dfcf2e3d4a,33,11,7,7,8,0,1.0,0.0,9814872163192862.0,4368542150017194.0,3956320644892970.0,1000
0x026d91ed039c1c67623df86c399c13deee6a9365,2,2,0,0,0,0,0.0,0.0,2.3072971523216634,0.0,0.0,504
0x026dabd6be7ad158b76eb7a2a3d4f421f52902b6,2,2,0,0,0,0,0.0,0.0,115.04921443795662,0.0,0.0,504
0x026de7b3d021dd600438f69e49c0e34495bf0edc,14,4,2,4,4,0,2.0,0.0,4910383593974539.0,29420.194852605488,30834.591489196486,1000
0x026e0a569b23b6afac6520a977fcb83192f370f1,15,5,2,3,5,0,1.5,0.0,7451872038472119.0,1502115963751303.2,1511863944912557.2,1000
0x026f1313e8e40682321b7c819223575a18e537a6,3,2,0,0,1,0,0.0,0.0,3318503390054816.0,0.0,0.0,504
0x026f60f1b29eea84a8c02ec14f2edcb3369a8c7a,2,2,0,0,0,0,0.0,0.0,9771186502.824215,0.0,0.0,504
0x027011c0fd7e86ab7fcab831b204fddfb6af2ed7,14,7,4,2,1,0,0.5,0.0,5269479631330165.0,2821977710720627.0,548527761962001.0,1000
0x02703abfdc84e7614bdc52f9e65952a8c0ac4a2a,2,1,1,0,0,0,0.0,0.0,113652379383.43968,11365237938.343967,0.0,502
0x02704afeed85438de25e9c73ca719b6940e2ae02,1,1,0,0,0,0,0.0,0.0,312428985021458.8,0.0,0.0,502
0x02706710a0bd191361d1935d74e812a9c588cd05,72,44,11,7,10,0,0.6363636363636364,0.0,3170516721266900.5,1587.9320603410051,1518.3021327020406,687
0x02708e817ac0bf55c3be213a59fbf133f1ef741e,1,1,0,0,0,0,0.0,0.0,1.5735867671099317,0.0,0.0,502
0x0272af7b463992f2ede10d8f67da310ee493caec,2,1,0,0,1,0,0.0,0.0,110.12082360549249,0.0,0.0,502
0x0272c4b2d9fff2b858a0cae4ddbf162b7871bd20,1,1,0,0,0,0,0.0,0.0,0.01278937172243037,0.0,0.0,502
0x0272ee737cde66c1b4d41fe77eaed028d209a477,1,1,0,0,0,0,0.0,0.0,16635800020.000017,0.0,0.0,502
0x027342b26e74ff005755d532f4035ec78822621b,2,1,1,0,0,0,0.0,0.0,23470185717.249832,5004339524.5273285,0.0,502
0x02736d5c8dcea65539993d143a3de90cebca9c3c,111,42,31,23,15,0,0.7419354838709677,0.0,1.1438973981129574e+17,2574001799788811.0,2612402120046051.0,1000
0x02744561ef8292feec44b87d08e8961bb4e29bd8,43,7,7,6,23,0,0.8571428571428571,0.0,1.0066439997067854e+16,4998394581238314.0,5063026421347309.0,1000
0x02747fbebef61554592e17ef33d645a3780890b4,1,1,0,0,0,0,0.0,0.0,1145522560395.9358,0.0,0.0,502
0x02752126b20e1ac22e068e29a12bc03d206711f4,2,2,0,0,0,0,0.0,0.0,2132372640824.5107,0.0,0.0,504
0x027747771ce20e60d24344e2a62a1377960cced0,28,18,7,0,3,0,0.0,0.0,2.351614253493419e+16,1.4673141922477646e+16,0.0,536
0x027763281d2088f8e23a42be830c244631e344ce,1,1,0,0,0,0,0.0,0.0,1.8854968095062825,0.0,0.0,502
0x0277c418ad9186e3de965d28da09ca265314e6ae,1,1,0,0,0,0,0.0,0.0,1.295772654068286,0.0,0.0,502
0x027937f64f35377f87e8a8318c0370d74b456cc8,4,3,1,0,0,0,0.0,0.0,5557541767318221.0,365402488157771.1,0.0,506
0x0279431a5e11d234dcf1d4493494db9f06ea42cd,1,1,0,0,0,0,0.0,0.0,1516076928498337.8,0.0,0.0,502
0x0279a66c8fc0e8437c4c3fbd428da735c830ef16,1,1,0,0,0,0,0.0,0.0,1586759550799.5232,0.0,0.0,502
0x0279ef39c3029af541cbabcf8e83afa0c96e8782,2,1,0,0,1,0,0.0,0.0,0.8068479388572061,0.0,0.0,502
0x0279fec16f8d9195ac8345eebd1b6786e3336519,4,3,0,0,1,0,0.0,0.0,777490847092793.9,0.0,0.0,506
0x027a12b07a0b4f8199fea7e1b09ee9907a995390,1,1,0,0,0,0,0.0,0.0,16.375277562461772,0.0,0.0,502
0x027aa5f566399e167351f745a3bd80d8bacaa755,1,1,0,0,0,0,0.0,0.0,1039934306791.4615,0.0,0.0,502
0x027af3fec91de9714ad0540be7b03487f332238d,15,0,3,9,3,0,3.0,0.0,0.0,8015966449742043.0,8539259977381028.0,1000
0x027b2fdf7b0793679acde003a5e22e17a4803fed,2,1,1,0,0,0,0.0,0.0,226055502002.3533,113027751001.17665,0.0,502
0x027b6146248b3a7648e7c7e243bd01e1704bc3ca,8,2,3,1,2,0,0.3333333333333333,0.0,6.918634068991379e+16,30498.9837823143,30446.98069928711,844
0x027be761f83937636dc3bf635e2868f8c60d4e99,1,1,0,0,0,0,0.0,0.0,3681149484284.333,0.0,0.0,502
0x027c04aae42b4143f5718ab191ef5668c268c09b,35,19,15,1,0,0,0.06666666666666667,0.0,291869744776751.06,123.12249514847582,3.186281092967107,547
0x027c50af86f3e7e4663f9933e48be032720fa8ff,1,1,0,0,0,0,0.0,0.0,1033062524484.5671,0.0,0.0,502
0x027cb2d88746942364a7f8af881f3b69e9d08662,4,2,2,0,0,0,0.0,0.0,36780679913038.99,27530527442554.3,0.0,504
0x027cedb5d69afdd68ce27cf58dd6d05a72edc4f6,147,47,33,32,35,0,0.9696969696969697,0.0,2.0940421974852083e+17,4983794565025892.0,460373.04747000866,1000
0x027e5ccac847d32be8ed742741d83a02fd9569b3,1,1,0,0,0,0,0.0,0.0,176844044283.2027,0.0,0.0,502
0x027e9fac2d42f779d2232b76e31a3b7cbd955d70,4,1,2,1,0,0,0.5,0.0,7722986907400.014,2.9973169858098148,3.0021421408796085,555
0x027ec37fe00524dbeeae9c6ba96164f84eca09bb,4,1,1,1,1,0,1.0,0.0,4573863558488784.0,899775456663511.4,899775456663511.4,1000
0x027f08f671c30de73da57a5e17c9a052e6fff567,1,0,0,0,1,0,0.0,0.0,0.0,0.0,0.0,500
0x027f4228e1c3080b77547885ca9297c2a410ce75,1,1,0,0,0,0,0.0,0.0,1033062524484.5671,0.0,0.0,502
0x027f8eb5a7e2607c679b797dcd10193f03238ae0,1,1,0,0,0,0,0.0,0.0,3569089032159.9224,0.0,0.0,502
0x027fca5dce8baa10e93ca93d0f2150e7ca4d4107,2,1,0,0,1,0,0.0,0.0,2932.89092141252,0.0,0.0,502
0x027fcbfa8ac860652c516b16a2f02080917489d2,21,9,6,3,3,0,0.5,0.0,4.26758407206188e+16,3.3963745242969364e+16,3.433262375437215e+16,1000
0x027ffd3c119567e85998f4e6b9c3d83d5702660c,1,1,0,0,0,0,0.0,0.0,9.986946468020894e+16,0.0,0.0,502
0x02803ab2f41603f75d57ab98871baf84b0c80e90,28,26,1,1,0,0,1.0,0.0,1.5863146031398298e+16,2503.6119477025027,2538.8103185989407,680
0x02803b28b29a24d895e523fbfa561700e01b09de,1,1,0,0,0,0,0.0,0.0,1.117495300305972,0.0,0.0,502
0x028062ffc2a94ca94e464240142c956d10fa449d,4,0,1,2,1,0,2.0,0.0,0.0,133372.50527969797,267702.36508154985,1000
0x0280ce4e1add2b66e6fb0588976dec050c141135,1,1,0,0,0,0,0.0,0.0,211.46065421796854,0.0,0.0,502
0x0281531ebed0d369e29f29bb4295be46113e422b,105,44,18,19,24,0,1.0555555555555556,0.0,5.715342375329456e+17,5.4125692219024205e+17,5.462192191773742e+17,1000
0x028179cc3d6dd3e3f98086134062eb1f7236ae1b,1,1,0,0,0,0,0.0,0.0,1.9047080513366128,0.0,0.0,502
0x0281817134298991d74fb31dcb3efa1e936a4c25,53,15,7,8,23,0,1.1428571428571428,0.0,470017371858873.7,122224453152923.66,20184171841019.36,1000
0x02820c1f9427f1c82e1901f1e7cadfb150560dac,13,6,4,1,2,0,0.25,0.0,426303764956177.44,129642579964952.25,83034482306830.72,1000
0x028216b8e4ddc7b4272eea40afbaecca24f30b46,25,7,3,3,12,0,1.0,0.0,501181164527455.4,146293954333619.47,146853298205917.12,1000
0x0282887135e0d365f4e4875870f86bbdaf1e39c9,4,1,1,1,1,0,1.0,0.0,2050905874191313.2,701.8756778164797,701.8756778164797,612
0x0282dab7d9ba8b1f48d053dbadc4f3ba1c9cde59,1,1,0,0,0,0,0.0,0.0,899152491678140.9,0.0,0.0,502
0x02835133eb28375ad3e326843cf7c60ae4ee2634,1,1,0,0,0,0,0.0,0.0,0.9970217364607069,0.0,0.0,502
0x02837591442503df088054033a4b4df8f2761267,1,1,0,0,0,0,0.0,0.0,1.1118678424117725,0.0,0.0,502
0x028376711aef541bf1424ac8ac0aba60ec91df46,1,1,0,0,0,0,0.0,0.0,1821998585371670.0,0.0,0.0,502
0x0283b39a24e3c67e48fcb05dbcff44b31a0e41c2,1,1,0,0,0,0,0.0,0.0,1154203790969.1404,0.0,0.0,502
0x0283de3def25719ec46cb4db3bb1693f5af5cf6a,6,2,2,1,1,0,0.5,0.0,310933.5937846782,1203.6896970333835,1206.3447830224816,569
0x0284481639f1c8e0cf1e071d644181d7ad876293,2,1,1,0,0,0,0.0,0.0,21269157511.30869,4790350790.83529,0.0,502
0x028560d6943435b7e129c1872b67f36d65ce3b41,7,4,1,1,1,0,1.0,0.0,1325081709921004.0,633522046737960.4,586008719058680.0,1000
0x0285b14e8ccc8c4bcb7cf0bcafaf6965f573343e,2,1,1,0,0,0,0.0,0.0,51301571297.54737,4989199693.515554,0.0,502
0x028641d71b87eb53da604565ed4fca4f7585f663,6,1,1,3,1,0,3.0,0.0,1136755365604101.2,721.7325834056373,722.0653055687237,818
0x0287445f647c448c92129fbb2ef816f43b0c0bf6,18,3,4,4,7,0,1.0,0.0,2402573483892488.0,891949824025365.8,300465057351092.5,1000
0x028a9d6c53b9388260474435e6781c8237adf1fe,4,2,2,0,0,0,0.0,0.0,1063222365765.003,3301472100.594658,0.0,504
0x028b43ead0c73b7099360e8d1a97d8daeed5b3bc,1,1,0,0,0,0,0.0,0.0,1.1742130365525976,0.0,0.0,502
0x028b71522a2f1e60270bc545827045a6d88bb2a5,1,1,0,0,0,0,0.0,0.0,196565979673.60037,0.0,0.0,502
0x028b834fe5fc19bd8e5c5393c70b630268833d7f,1,0,0,0,1,0,0.0,0.0,0.0,0.0,0.0,500
0x028baf20c23e74a7cce3b3120bb95ab8d1e35278,35,10,7,6,12,0,0.8571428571428571,0.0,1603133103323139.0,675550389460889.9,490283487758320.1,1000
0x028bb67ffc951c70e17826a916a9364f54e11e0d,1,1,0,0,0,0,0.0,0.0,1576872482945.612,0.0,0.0,502
0x028c0a2384ee76c564023f477b5d318a89161c16,21,13,0,0,8,0,0.0,0.0,725181656449308.2,0.0,0.0,526
0x028c68b65e6c87ede62b33c62824cd65c80e2b2d,40,29,10,0,1,0,0.0,0.0,2.9765179047817784e+16,6995279583323276.0,0.0,558
0x028c6ca71aee61d84266c8ebd639e2db5800018c,1,1,0,0,0,0,0.0,0.0,1.1114072426896275,0.0,0.0,502
0x028d10812993bf789c9c8789316f03e1985f07f2,13,4,1,1,7,0,1.0,0.0,2.6938346435753596e+16,12012.302962532372,12045.560251995601,731
0x028d51a69dd481428f5f1f3b222fd7328f155403,1,1,0,0,0,0,0.0,0.0,1004910755186.299,0.0,0.0,502
0x028da245d4add9bb4dd4a6ba2c0be7b683f0ab69,2,2,0,0,0,0,0.0,0.0,1.2065822331530323,0.0,0.0,504
0x028db8e94e0836bdaeba5b743e0d400a3f9e90df,24,13,8,3,0,0,0.375,0.0,2.8193952056623866e+17,5.8431929609615016e+16,5.12787740083443e+16,1000
0x028e086f46912e677b909e30500c535aa10766b9,17,5,3,3,6,0,1.0,0.0,4897962800004160.0,3671.3962495456713,3775.5560078024937,656
0x028e7eefc575b3113dc5aca8ff3177e330e0219d,3,2,1,0,0,0,0.0,0.0,41469685788.172615,0.04979797511120574,0.0,504
0x028edad1e233e1d094925ee54d71368bce668f36,65,22,25,12,6,0,0.48,0.0,3286233513316945.0,6002075849900988.0,1773362491771258.5,1000
0x028f328c1e4ca62717b830db377ee1582bc1ece2,30,13,3,1,13,0,0.3333333333333333,0.0,9883518432956564.0,3946.6465602308526,4086.4912743201367,603
0x028ff776949531aada1fe98372b0f596cf170563,17,5,3,3,6,0,1.0,0.0,3446.0686330314584,1939.8033479900107,1952.8628252753465,638
0x029006c55f810a12a7e2e4d2ab756417e8e511e2,2,2,0,0,0,0,0.0,0.0,3237692078065.3145,0.0,0.0,504
0x029083b69bbba772dafec650c4e23f6490d93125,8,1,1,1,1,4,1.0,0.5,1.0022981092475132e+16,4193828581005131.0,4181826997082159.0,1000
0x0290db8c9e32507d9ff1dd5a5bdcff32ac88ba09,2,1,0,0,1,0,0.0,0.0,101.84165682489594,0.0,0.0,502
0x0291f3886409579b55806283a1e3865b82d2ff74,16,13,0,0,3,0,0.0,0.0,1.961245071528123e+16,0.0,0.0,526
0x02924ba1974a33fe4563a1f2b762847a2233d496,14,5,1,2,6,0,2.0,0.0,8314628948191035.0,12975.745959276306,13011.012141628402,846
0x0292c117e0fc26212b22c5843b9755e7b676c6c0,5,0,1,2,2,0,2.0,0.0,0.0,396387620715839.9,657349555552287.5,1000
0x0293fafe77e87627af48a55ec2129f769a9cb270,55,18,5,3,29,0,0.6,0.0,3854167126268619.5,2698.0560657681926,2695.7046026608405,631
0x02940d1967e4e8d67d47ae49dbaa5f596e471475,1,0,0,0,1,0,0.0,0.0,0.0,0.0,0.0,500
0x02946828dba18fcb7cd09e9ebf891ceaa1bd7aa6,13,5,4,2,2,0,0.5,0.0,3.1041579823230496e+16,99550886434480.05,104883638329774.92,1000
0x02948cbed87c7ac0beb2488396a3886b9f656634,3,1,2,0,0,0,0.0,0.0,45659777579.9827,17122416592.493511,0.0,502
0x029540b12432897be480e69f38001b8e29ebd295,1,1,0,0,0,0,0.0,0.0,2009648179691.7104,0.0,0.0,502
0x029571abceddd08d74c97010eba66f0a7d13c087,2,1,1,0,0,0,0.0,0.0,32917368931.20011,4957435080.000016,0.0,502
0x0295cb6cd98aa3f2a8ae832a1b9c6f2b8a7160df,27,12,3,4,6,2,1.3333333333333333,0.07407407407407407,1.3831367788356304e+17,94130.10029202793,40840.21219705904,1000
0x02961914072c1aaa8e0a3c8477874b311079b800,16,8,4,1,2,1,0.25,0.0625,334503105102871.0,181.03470360274292,40.81110303957693,526
0x029832df0ace2538cdfbbd4fa198667ef84e7f68,1,1,0,0,0,0,0.0,0.0,1.1084623716111102,0.0,0.0,502
0x0298b2ecdef68bc139b098461217a5b3161b69c8,1227,0,0,0,1227,0,0.0,0.0,0.0,0.0,0.0,500
0x02996c1eaf1ea3de391ed7c748ca6c0762cd5f04,56,29,12,5,10,0,0.4166666666666667,0.0,1269896548414813.5,1603090740626793.8,1177687427872416.0,1000
0x0299cb22804ccda6eb64b5c891de04d9f526cccb,8,2,3,2,1,0,0.6666666666666666,0.0,24643593083180.957,6973545885485.961,6973548648309.629,1000
0x029a3d224e8c5daf8d5126f35502d7aecd23fb02,1,1,0,0,0,0,0.0,0.0,1010251772159.5027,0.0,0.0,502
0x029ac3b28fff4be7c9b8853210a15c45e733a0b3,2,2,0,0,0,0,0.0,0.0,6014486751043.486,0.0,0.0,504
0x029b56845268708b6b05a90f761ebfe15151c738,42,18,9,8,6,1,0.8888888888888888,0.023809523809523808,1144414669740438.0,244878899745885.78,74877703134176.97,1000
0x029b8b56a2b189b9485d32f60884ca1fa1cc3d6e,1,1,0,0,0,0,0.0,0.0,99013697.31292178,0.0,0.0,502
0x029bc12540dc84ed8282d36ebc268b5762a64346,1,1,0,0,0,0,0.0,0.0,265.81545594101067,0.0,0.0,502
0x029bcb2e9d1e503e747dea7d0a55ebc055f9b03b,16,8,3,3,2,0,1.0,0.0,1.096522159129802e+16,6353.2408142235445,6476.700655724957,689
0x029c7afb648193e67014467bf18beb4cf395c879,1,1,0,0,0,0,0.0,0.0,144712175000520.94,0.0,0.0,502
0x029ce20ee686f00a1200b116086f90a682e30092,17,4,3,3,7,0,1.0,0.0,77511817728574.97,77510361177634.77,1301.429709545951,630
0x029d4f3c7a8f23ad7316731f271d4e194538d88e,2,1,1,0,0,0,0.0,0.0,1492646388500.002,201507341264.57297,0.0,502
0x029d81af39e6969033906aa51ba0a2e5f055fd43,27,9,7,5,6,0,0.7142857142857143,0.0,386140258054945.4,530.3697909160456,530.6401166584188,609
0x029de7a8c9511978c4795beccf60553d36318cfd,20,7,4,4,5,0,1.0,0.0,3.696631014023027e+16,37331.799773558916,38752.03817324862,1000
0x029f19fc5a2425a4f04c3e1f6855af0afbcc3c93,160,61,38,22,39,0,0.5789473684210527,0.0,1112361160263242.0,760.6358477323948,760.0003152045074,753
0x02a06a60b8b437bf6cf79d0a5933908525a139e5,1,1,0,0,0,0,0.0,0.0,1.0973150530597586,0.0,0.0,502
0x02a0788f463bf8fa2754fa49cd89cb1e079ca046,1,1,0,0,0,0,0.0,0.0,1.1112748754792856,0.0,0.0,502
0x02a0f1a59940dddb35a38327e93d7abb49e285b1,115,22,20,59,14,0,2.95,0.0,1.2363566708731152e+16,3377438498245565.0,400953302996863.94,1000
0x02a15e66e82fbf790b363a7c2786dc3b8d053425,1,1,0,0,0,0,0.0,0.0,1698584524.8176577,0.0,0.0,502
0x02a16e93539e8043766befc1d941835ef18a77d9,16,5,4,3,4,0,0.75,0.0,3184958612497929.5,11711.79272722734,11217.198468107952,706
0x02a16f8df2b11b3a0c9f47cc5d705830792e3e6f,366,111,117,78,34,26,0.6666666666666666,0.07103825136612021,1487397274243731.0,3241726192399088.0,2960695284203498.5,1000
0x02a1da62dca18761b1e0f8a7bb5d0a596f58a815,2,2,0,0,0,0,0.0,0.0,4405911197217240.0,0.0,0.0,504
0x02a298c6b33b6505e15faacf4f52ffcf1c43d4b7,18,9,3,2,4,0,0.6666666666666666,0.0,2191740754146953.8,1082790048756589.9,910518272076935.0,1000
0x02a4ac561a49bd3f4a51f97b8f5d697a4eeea26c,70,70,0,0,0,0,0.0,0.0,260675692.18016776,0.0,0.0,640
0x02a4b730674d63f39160a55a73f2d3557a230c1f,5,2,0,0,3,0,0.0,0.0,152583090583817.75,0.0,0.0,504
0x02a5948adf2f74c62c6feb8282786e4303e5275d,1,1,0,0,0,0,0.0,0.0,1188650795292.2615,0.0,0.0,502
0x02a5c129419ffe445e6c07357715994a513741f6,79,39,24,11,3,2,0.4583333333333333,0.02531645569620253,1.1692112380628588e+16,268750148365122.62,271073342147253.78,1000
0x02a5f4b01a1e60c1c1e96b7e5ccff7b083af88b1,9,3,2,2,2,0,1.0,0.0,1.0730369896541102e+16,4485.694284322616,502.2126832679119,617
0x02a73cd5c9135b68798838407a136b41ddea3c5e,87,44,23,16,4,0,0.6956521739130435,0.0,5102080603339348.0,3841654444718881.0,2358409011607077.0,1000
0x02a73d22bd486381e61eca664377a06c446d5316,2,2,0,0,0,0,0.0,0.0,2.0467036636515523,0.0,0.0,504
0x02a7c650e9a1a2d66deab637c07e1d627587c083,89,75,10,0,0,4,0.0,0.0449438202247191,4.5354597281096045e+17,5.7264807847206344e+16,0.0,621
0x02a7d44b26eb2d8db454dbf7b9411ca9346cb1fb,1,1,0,0,0,0,0.0,0.0,1.023023295310086,0.0,0.0,502
0x02a7d80d21a3ab1719dd16ab66d716e588d79595,6,5,1,0,0,0,0.0,0.0,4430154536829077.0,1222879953214931.8,0.0,510
0x02a804c44c2ea1f8668904b3f52db0b41cd3782b,1,1,0,0,0,0,0.0,0.0,1077800843233.6694,0.0,0.0,502
0x02a83b64466333f227303407d37c7e8e8fefd5b6,53,36,0,0,17,0,0.0,0.0,2.48328109098678e+17,0.0,0.0,572
0x02a84f912d51ca31f8505789c648b842c576cf45,2,2,0,0,0,0,0.0,0.0,3141692425910.3867,0.0,0.0,504
0x02a8f422e4623cf409b2a1a64a603b16357ea9da,52,34,8,5,5,0,0.625,0.0,461072367872454.2,57331377830710.836,37.94186389121059,645
0x02a904869e43d0be61a71f2e6e7af45f9dd27988,22,11,3,3,5,0,1.0,0.0,1.607709398664725e+17,1.4802625658970928e+17,6.038760923239358e+16,1000
0x02a9cc149af402d3be54456c16da64f5004d467d,2,2,0,0,0,0,0.0,0.0,2275795786226.5234,0.0,0.0,504
0x02aa6d3779d28383d69cd4221cd7dc2685011337,28,6,10,5,7,0,0.5,0.0,6758320094795518.0,700065266883707.8,708047071773428.2,1000
0x02ab1b3a8ac8e1aa17756058e67ef68be0508a2d,2,0,0,0,2,0,0.0,0.0,0.0,0.0,0.0,500
0x02ab74c629a0cb6e86e3cddaabfe05ca79a73bb1,2,2,0,0,0,0,0.0,0.0,2.2434493444979644,0.0,0.0,504
0x02abe3cc8093daacee107e802ee44cb5f1379e1a,3,0,0,0,3,0,0.0,0.0,0.0,0.0,0.0,500
0x02ac4c9dca975e634793849092d2d5eac8d088c2,7,5,1,0,1,0,0.0,0.0,266473196188884.56,20113609616199.156,0.0,510
0x02ac7fe137f02f295382a5b9d298ceac978c96ad,2,2,0,0,0,0,0.0,0.0,972549246416.4862,0.0,0.0,504
0x02acfb247839cf5215aec318227dda400011e2ef,1,1,0,0,0,0,0.0,0.0,1.029154223521318,0.0,0.0,502
0x02ad56758fef56099cf57531d0c97bb1aa1f076e,95,38,18,15,24,0,0.8333333333333334,0.0,1.0893715089022693e+17,42263.31363022894,35955.56864451826,1000
0x02ada5d70b06b6db17011ed129b9b1738de45538,2,0,0,0,2,0,0.0,0.0,0.0,0.0,0.0,500
0x02aee0ce756fa0157294ff3ff48c1dd02adccf04,116,73,10,15,18,0,1.5,0.0,3.082833255314971e+17,4.136292790346755e+16,4.141499105380355e+16,1000
0x02aef62867532fbddf4521b3889a5af09b5333d8,14,3,2,4,5,0,2.0,0.0,3992821352741984.0,1211391841952259.0,1193254663163032.0,1000
0x02af03e62f2b267f460455f60f87842fe2807b7b,1,1,0,0,0,0,0.0,0.0,182933100506.4872,0.0,0.0,502
0x02af6f4620c185ba1aab781282a67f21106a2d61,2,1,1,0,0,0,0.0,0.0,1452899684.7809782,36322492.11952445,0.0,502
0x02af867ab593ffb436e9102eec9b1ca5a693620a,2,1,1,0,0,0,0.0,0.0,11191814376.473717,0.0006713985560447424,0.0,502
0x02afca5527ecb2ffe3ed6ee9ae776c7d5da88923,141,77,24,5,35,0,0.20833333333333334,0.0,4604135991069389.0,3497626705073784.5,316.3307134078401,692
0x02b04b832848dc70f98cc792cb005819df0959eb,4,4,0,0,0,0,0.0,0.0,1631699085430.3792,0.0,0.0,508
0x02b04fd27fb898e6face6df1888f72906b5ba11c,2,2,0,0,0,0,0.0,0.0,1415842573841.1296,0.0,0.0,504
0x02b05a37642df584a9586ffd1008b1898f470835,35,17,10,3,5,0,0.3,0.0,8776903235729948.0,1366414747598995.0,1406335347979341.5,1000
0x02b0f2fdd791d194a5d941579a696894d67c38b2,21,15,1,1,4,0,1.0,0.0,608458497283467.9,99.06931470705607,99.11083809081508,633
0x02b13fd8e0557ca41834df8fc2922eeadf4af6a7,18,6,2,2,8,0,1.0,0.0,3169633.9465140784,700958.5147478913,702818.6986180822,1000
0x02b202a0389ac791190121c2508e3532ad2cd297,1,1,0,0,0,0,0.0,0.0,189459642973.8355,0.0,0.0,502
0x02b21ae22bda250e3cbeb563aa9b4192ac41faa9,1,1,0,0,0,0,0.0,0.0,1.0948451284556417,0.0,0.0,502
0x02b265d2ce756e835b1bff29e9a07e77d02488f3,5,1,2,1,1,0,0.5,0.0,3937675822298658.0,13018.718815459426,13041.005948322076,685
0x02b2922c1163d06facf7c62d98a35e687e2741dd,1,1,0,0,0,0,0.0,0.0,222632257802.0482,0.0,0.0,502
0x02b2b3835e863da7c7aec928586cee0b04a261da,4,1,1,1,1,0,1.0,0.0,2174785725000003.2,701.829156000001,701.829156000001,612
0x02b32bf15b786bced6a40e1834b91986cc30531d,1,1,0,0,0,0,0.0,0.0,195175400801.7991,0.0,0.0,502
0x02b3f9bfdf978bbe7434467761a706d44311a065,8,5,1,0,2,0,0.0,0.0,1396357693344718.5,199.832722792766,0.0,510
0x02b40f2f6b29db95866775e732352f6686885fa3,49,37,5,5,2,0,1.0,0.0,6.561732791931095e+16,6.5200795452561224e+16,14410314406295.867,1000
0x02b42cadcb1d54d586d7b19c4b40ccb858d61640,54,25,4,5,20,0,1.25,0.0,1.3964273994096296e+16,1700266252115764.5,1700268727958489.2,1000
0x02b4d35435f702921a56b5c993c999b6b8eab1df,9,2,2,2,1,2,1.0,0.2222222222222222,34662332521684.805,345.0518923338933,414.80695005902135,559
0x02b537c80038f273820b51deda8d904b8f2748ef,8,2,1,2,3,0,2.0,0.0,1362.9244250394972,482968956092500.5,781076499342588.0,1000
0x02b56b480fd9350fc83dbe2918a76c60232b4001,38,12,11,7,8,0,0.6363636363636364,0.0,2039200918599732.5,1585800793173535.0,1775370512403000.8,1000
0x02b6073eec33b4c9fa95ec2d59bf433d389cb55d,10,6,0,0,4,0,0.0,0.0,923573648480366.4,0.0,0.0,512
0x02b654a6fa9f1b4ce089af16a04401faf035a2c6,1,1,0,0,0,0,0.0,0.0,1220178351828.6292,0.0,0.0,502
0x02b664da23a3b5480f710785fd5926ee1d055788,22,8,4,4,6,0,1.0,0.0,949635460298027.6,778339322483189.9,705771832303892.5,1000
0x02b6e3488b382c93f3f80abb237eb9fef16283be,3,0,0,0,3,0,0.0,0.0,0.0,0.0,0.0,500
0x02b72485ecdaabd5f9af68d9a5d2b2ca54d5339b,95,22,38,22,13,0,0.5789473684210527,0.0,1.8544466968347576e+16,1.2235103739970424e+16,518110086837965.1,1000
0x02b87eca370a3af303d5dd2d4c1b76c517930cf3,1,1,0,0,0,0,0.0,0.0,1.3786896398474469,0.0,0.0,502
0x02b8db8f6d8fdfc914096ec6b20c9e6712781982,1,1,0,0,0,0,0.0,0.0,104261874766411.64,0.0,0.0,502
0x02b933d8e2a4dd4a4abf60908e81c7b6a7e39273,4,3,0,0,1,0,0.0,0.0,1530285928076.5,0.0,0.0,506
0x02b936ff5f54ef91b7e9e6fcd8aaed1160ee01c2,148,22,37,75,14,0,2.027027027027027,0.0,4.0295009374000115e+17,3.716261252523406e+17,3.619694372397729e+17,1000
0x02b9dee806bc6e1093e348336d35b0866908712b,17,7,5,3,2,0,0.6,0.0,1.8190609746918227e+17,6.810007895530407e+16,3.527863763264242e+16,1000
0x02babb5826d85c6a6354b923e94e7e9bb2643507,1,1,0,0,0,0,0.0,0.0,1.0888253079286814,0.0,0.0,502
0x02baeeb92d7dac6dafe75d5f46fd045517c8f2e4,2,1,0,0,1,0,0.0,0.0,1041.7723234418804,0.0,0.0,502
0x02bc46b19b1ea69c3e70918c899526e5adad7435,1,1,0,0,0,0,0.0,0.0,0.010016553113831863,0.0,0.0,502
0x02bcb5d5a59ec3350ec2bed6c7ffcd5d566d9574,14,6,4,0,0,4,0.0,0.2857142857142857,340741088406216.5,342.2104447929491,0.0,434
0x02bd126623a52f35c2df74208e73c5c7ded740d3,16,3,1,2,9,1,2.0,0.0625,7641.577121331833,2049.3603393008975,1036.34794233628,704
0x02bd653274feaa6e43618310400c5d1337758d1d,6,4,1,1,0,0,1.0,0.0,143506831639170.34,10712243122032.281,12279288809372.363,1000
0x02be55b9045cfa9195e851c35896b33da3693764,24,7,7,9,1,0,1.2857142857142858,0.0,5436267669857617.0,114669398763645.62,6794.778143661647,737
0x02bee0a17903cc1f2f48b4514ec23aae547fe4a3,71,42,5,12,12,0,2.4,0.0,2026146306650001.8,2321.1788073808416,2330.0808683847836,883
0x02bf4268c84ce1306d1e2af3c2f54d2b3214658e,2,1,1,0,0,0,0.0,0.0,1256743469539.0198,12567434695.390198,0.0,502
0x02bf9d9885ab40a40835e137449db9600f366e6e,13,2,0,0,11,0,0.0,0.0,2.810559159612459e+16,0.0,0.0,504
0x02c140cd842739c324846893adb64de09026b3f2,3,2,1,0,0,0,0.0,0.0,2273047587668.7935,113652379383.43968,0.0,504
0x02c255ff1abb3242d5b2f325b7fecd1322cc40e7,4,4,0,0,0,0,0.0,0.0,3623300962796.7656,0.0,0.0,508
0x02c2a7e2fdc63ced0c3c2534148b5f71a20eaa23,1,1,0,0,0,0,0.0,0.0,173236742377.50018,0.0,0.0,502
0x02c36a54388cddeaaeeb79f351b7e00b882c41d8,8,7,1,0,0,0,0.0,0.0,2582345588281595.5,645.7719603099151,0.0,514
0x02c3b69b7588c4d117ea0eb4d7ba809f9613f470,216,46,58,62,50,0,1.0689655172413792,0.0,1391420850344508.2,1609816603177716.8,1622519467841249.5,1000
0x02c3df430a4125a05feeb5fee31c0ee911f952e1,19,7,4,4,4,0,1.0,0.0,612656662106998.6,75076490824857.75,314.0482655156708,629
0x02c4a7b6f3e7743ceae95a2d7e6caa58ac0d4c66,2,1,0,0,1,0,0.0,0.0,1004.7801511660026,0.0,0.0,502
0x02c4a98ccdfca694807554bec1cff46152b6d3d8,5,5,0,0,0,0,0.0,0.0,38341845500595.734,0.0,0.0,510
0x02c4bc6b7dda908bf89bda10cf8dbb8649823284,4,3,0,0,1,0,0.0,0.0,1856312951150.4556,0.0,0.0,506
0x02c4ee6974bf68b002ea221fac8203f182d8a0bb,1,1,0,0,0,0,0.0,0.0,1.094443995445862,0.0,0.0,502
0x02c4f4a127e285550a192ac77c715b6f2e641e99,1,1,0,0,0,0,0.0,0.0,3.961665336784059,0.0,0.0,502
0x02c54f73a52ebac634c7365d9e4136370e18a7ad,1,1,0,0,0,0,0.0,0.0,7862450618.736447,0.0,0.0,502
0x02c58ac2ac1029aaf986a9be4adb656c813005a0,2,1,1,0,0,0,0.0,0.0,15854237614.713926,0.0022509558575093108,0.0,502
0x02c5c964a7e7a4daed55efdce3859e433d739ef1,1,1,0,0,0,0,0.0,0.0,2001833932184.163,0.0,0.0,502
0x02c6e7836e1a500ea2bf6cbc3c50c1adf742b670,1,1,0,0,0,0,0.0,0.0,24844128359375.395,0.0,0.0,502
0x02c74609ad8db018a47aca47b3d5f500025955e2,2,2,0,0,0,0,0.0,0.0,1122909198094.6638,0.0,0.0,504
0x02c88ed34fb04d51b3cad4cd7823f998440dd762,2,2,0,0,0,0,0.0,0.0,1023739942764.8116,0.0,0.0,504
0x02c98fe643a484a9a6b1bbb656c13bc281c624ca,2,2,0,0,0,0,0.0,0.0,2.114449811654353,0.0,0.0,504
0x02ca089c541a1e8d8cec24e066d7ffe2085cc528,16,7,3,5,1,0,1.6666666666666667,0.0,410619898183486.9,257.41126948759586,257.92122152699403,698
0x02ca884e10a36b822c996a3339bdd21417a4d092,27,19,6,0,2,0,0.0,0.0,655866070178.9595,5665993724422.646,0.0,538
0x02cb1f7dca91c6987bd4f889b6ae03f18420082c,1,0,0,0,1,0,0.0,0.0,0.0,0.0,0.0,500
0x02cb44df23e2a5840eef59dbed570aad6401d3fa,2,1,1,0,0,0,0.0,0.0,11365237938.343967,11211106.565134108,0.0,502
0x02cb8ddf0e9fd20bedcdf13d765996870928864f,45,17,9,7,12,0,0.7777777777777778,0.0,2288801111568044.5,1217178985589787.0,1237882031760637.2,1000
0x02cc8d6b7f7d73358ff67589691532ccd8f43fd9,1,1,0,0,0,0,0.0,0.0,167323800893.05368,0.0,0.0,502
0x02ccbf14d05af1bba1c85c0e4ebe34450b4bc3a1,8,3,2,0,1,2,0.0,0.25,126334708351.4781,4.256834346927689,0.0,446
0x02cd2b4bf11e6de846447526202b5f69760e7efb,1,1,0,0,0,0,0.0,0.0,1447584407243.71,0.0,0.0,502
0x02ce4a17f3cb0f68fa99d7b275c28c4cc318add8,1,1,0,0,0,0,0.0,0.0,0.9972086616528183,0.0,0.0,502
0x02cee1b0ef2c8a7d31025b35b0cc271f59815035,85,25,41,9,10,0,0.21951219512195122,0.0,4101790169004003.0,410661725451336.2,34080047570855.676,1000
0x02d0a54ce6f8ef3114c57247598ab66394da9af2,8,5,0,0,3,0,0.0,0.0,134352827352751.42,0.0,0.0,510
0x02d0e2b7b3af01c1a4e9c7e0bbe6bb58c09e44a4,2,2,0,0,0,0,0.0,0.0,3220061859718.2754,0.0,0.0,504
0x02d1470908285f35efeb65b00162134ec721118d,7,4,3,0,0,0,0.0,0.0,78321644531657.78,35652910439053.61,0.0,508
0x02d14eafbf2724a0bc5e7c6fb21a799c7e1eb2b5,150,51,22,59,18,0,2.6818181818181817,0.0,1.0036027471368706e+16,9445.843837020764,5805.55552713765,1000
0x02d1a8ba9899069170eeb5339b300ec46ae0c8fb,1,1,0,0,0,0,0.0,0.0,1.1183922152500472,0.0,0.0,502
0x02d1ef1d65fff7ad234b7e0d11c853cade2f513b,2,2,0,0,0,0,0.0,0.0,60354876506236.39,0.0,0.0,504
0x02d2324ed8cbaa5405ca0e76c01dfa7c51b328db,1,1,0,0,0,0,0.0,0.0,1.7557678888138684,0.0,0.0,502
0x02d27262a78932e692eb9330646987559670bbda,40,21,4,5,10,0,1.25,0.0,4354366556652804.5,152202937614286.72,2313.8104466534505,705
0x02d27fa03e3443a5aa5db3bbec4c9e7fa2695115,1,1,0,0,0,0,0.0,0.0,1.0589937397646345,0.0,0.0,502
0x02d2c85be49875baf06525167bb4797746b77f61,25,18,0,0,7,0,0.0,0.0,680379185638790.5,0.0,0.0,536
0x02d326f3af9a097816a145dbea25100059a5cdc5,1,1,0,0,0,0,0.0,0.0,203308564027.2122,0.0,0.0,502
0x02d37ff31824b401ef5c19579032dad4d98a8d67,1,1,0,0,0,0,0.0,0.0,1.053530408064738,0.0,0.0,502
0x02d5333d35b155ec5876f3a355b845ce37d2fd04,5,3,1,0,1,0,0.0,0.0,509515995936902.44,175852117036558.25,0.0,506
0x02d6190c22293e010846b439787d304668783885,6,6,0,0,0,0,0.0,0.0,8715719618831.131,0.0,0.0,512
0x02d6f83cdaaa281a48c8e2627eac84a6c843cc08,1,1,0,0,0,0,0.0,0.0,12068277101.11397,0.0,0.0,502
0x02d77fc7307cd7ec962eda62d25936156a7a6492,78,31,16,13,18,0,0.8125,0.0,2530125239872426.5,1420312051940740.5,655851218748831.5,1000
0x02d7da92ffbe43fc603bb8b5c5ccc032dc616d51,11,4,4,1,2,0,0.25,0.0,2.538545297067307e+16,38520.50947983978,38649.1432819836,922
0x02d82a2663905f3ab3a880e257b9e8239949483a,1,1,0,0,0,0,0.0,0.0,184559741094.34238,0.0,0.0,502
0x02d86f9846faff28378cbfb438e2f9a87b5e7682,58,16,9,15,18,0,1.6666666666666667,0.0,14618374949094.57,70723.69421143371,70601.13885787466,1000
0x02d93e0bdcb28c88add70252d7a70168c269d6cb,1,1,0,0,0,0,0.0,0.0,0.01366659385257602,0.0,0.0,502
0x02d9468f3794ad392949d3ef68750580046d7b79,12,6,2,0,4,0,0.0,0.0,4665016986129786.0,2157332448990809.0,0.0,512
0x02d9cd8f4b86421bfef64deaac6afe246eefaa0b,4,2,1,1,0,0,1.0,0.0,3201273928104276.0,1034.9011423688364,229.13878964641566,609
0x02da3599bfcda5a872b1b7158210369579f795ab,1,1,0,0,0,0,0.0,0.0,1.0511547966210666,0.0,0.0,502
0x02da983db0d963407f2e95ae60df3bd648c8a92a,2,2,0,0,0,0,0.0,0.0,2.259609878203448,0.0,0.0,504
0x02dabc929961b484b6e41edbe3c25b97f870f507,1,1,0,0,0,0,0.0,0.0,1006872647024.3373,0.0,0.0,502
0x02db6d1adc9e057240ec42dc7bb952a254534ebf,1,1,0,0,0,0,0.0,0.0,1.961869736174183,0.0,0.0,502
0x02db807be71c8ffcaf8c69aa313292d382d69dd9,1,1,0,0,0,0,0.0,0.0,204621803010.33707,0.0,0.0,502
0x02dbd1aa375c7d00ecf1de198158ffa332110d47,4,2,0,0,2,0,0.0,0.0,162113129402059.88,0.0,0.0,504
0x02dbd660e8ee9d7b7fa41bb28434e6f9ceb66989,2,2,0,0,0,0,0.0,0.0,2.259609878203448,0.0,0.0,504
0x02ddab581f06982cafddb23502714e485aa96df2,3,1,0,0,2,0,0.0,0.0,117.78685287458313,0.0,0.0,502
0x02debfb86afb43492c458869bd7904a897f08237,256,94,70,85,7,0,1.2142857142857142,0.0,9426929306019144.0,821895559098641.1,670025406315584.4,1000
0x02e030f6975cc1cbda531b11ae4fd7ec698600c7,1,1,0,0,0,0,0.0,0.0,432838696359477.94,0.0,0.0,502
0x02e052679578006663d478fae910081209b4026c,2,2,0,0,0,0,0.0,0.0,30001283533.44551,0.0,0.0,504
0x02e07cc7e01b1ca69c0a6de55bfd9b99a8f0af3a,49,20,2,19,8,0,9.5,0.0,1.0219473153455142e+17,29102.346732480895,29362.56684360107,1000
0x02e11fa8415aa760fff68f184fc1dd5f95aefb88,1,1,0,0,0,0,0.0,0.0,1.1114739556359245,0.0,0.0,502
0x02e14b3e880efd1cb8a504540d31d91ca311280c,166,81,32,15,38,0,0.46875,0.0,7.829141348813893e+16,1.7664350287371824e+16,7216132741239743.0,1000
0x02e27435247f11adf8c7544af31dd6098677ea3f,2,1,0,0,1,0,0.0,0.0,1248.1637836856385,0.0,0.0,502
0x02e29372ef6a6f563cc7fcdd78c1b6064b502eb6,2,1,0,0,1,0,0.0,0.0,3490448161204423.0,0.0,0.0,502
0x02e29a42993eb150ccf30ec2bb3dca160d763c89,1,1,0,0,0,0,0.0,0.0,1759280254118.4866,0.0,0.0,502
0x02e2b3f9e177e918e67e25b1a1b6a739049f9e22,4,4,0,0,0,0,0.0,0.0,2.180417684200541,0.0,0.0,508
0x02e2e0296a3caee924b900b69f7b3ebd16729ecc,43,21,6,8,8,0,1.3333333333333333,0.0,1.2970846192152506e+16,313270140400489.7,355081240118468.56,1000
0x02e35b8e24f99002f568f5916de89874197f7a06,90,54,16,8,12,0,0.5,0.0,4.5443314224871e+16,3.974790638245224e+16,3.646122279599944e+16,1000
0x02e4ac7c366cf7320bc78b816b162b26d605a4bd,10,5,1,2,2,0,2.0,0.0,81848357978859.34,1937923210731512.2,4818901990284665.0,1000
0x02e51d6ce16201a28eaa7de9c8c4bfed25b4b081,112,35,26,20,31,0,0.7692307692307693,0.0,6.712955760138729e+17,9253152945758998.0,7752108049036619.0,1000
0x02e60b50d9788a17055afec468b5d17a38b6bd9d,104,29,41,15,19,0,0.36585365853658536,0.0,2546683155317894.5,505573684330650.5,2174.1987169363542,661
0x02e6277d21ba364845200b883a7a230f173122a8,102,36,10,11,45,0,1.1,0.0,1.3696012006119982e+17,5.505504500551665e+16,4.2498164719439304e+16,1000
0x02e662fc8e76fe69ef0bea015f0913590d2769c0,1,1,0,0,0,0,0.0,0.0,1.0038345411917293,0.0,0.0,502
0x02e6cec9cf4d077956d9b2b2ed8175aad46fc809,1,1,0,0,0,0,0.0,0.0,1.0438010096905748,0.0,0.0,502
0x02e75b9654e0d0711b877120c7e1a86b2592e380,2,2,0,0,0,0,0.0,0.0,884779949.1363311,0.0,0.0,504
0x02e7f65e93b4730c3092412e3db85648797316f9,3,1,2,0,0,0,0.0,0.0,3.217000000000006e+16,1.293471084913977e+16,0.0,502
0x02e883c27f8fd486e8d17049c58fc0469716c04e,1,1,0,0,0,0,0.0,0.0,1.1163631151671705,0.0,0.0,502
0x02e96833fa23f6d8676c5f55ecdf46444bcce438,4,2,0,0,2,0,0.0,0.0,27016843532792.414,0.0,0.0,504
0x02e9d2239578bd27634659f59fae4df9bac4076d,3,2,0,0,1,0,0.0,0.0,129105702357978.62,0.0,0.0,504
0x02ea60c42a1ed137b04eb4206977a8504b4c16d5,1,1,0,0,0,0,0.0,0.0,0.00804874489727001,0.0,0.0,502
0x02ead283625fb1016a8d50d3f94205f7f90dba20,1,1,0,0,0,0,0.0,0.0,1.0585897107726632,0.0,0.0,502
0x02eb1a315972d427f890b81fe062aa7aae9bc6bb,14,4,2,3,5,0,1.5,0.0,101240951947965.94,44508900639513.36,44508904133569.57,1000
0x02eb1d753bea18fd83562467a321dcd88d9773f1,32,7,6,9,10,0,1.5,0.0,4432959551805475.0,1006884369788483.0,1005543255534853.5,1000
0x02eb2ee0867dc3dfaa3862d0cc86984b6aada907,37,12,9,2,4,10,0.2222222222222222,0.2702702702702703,4765515266952610.0,2137960659581912.2,813584825630374.1,1000
0x02ebc38f9ddaebc16f4a2f4e9c90cee0b9eac910,32,7,12,10,3,0,0.8333333333333334,0.0,1.1477457627769862e+16,190163.88767382712,199338.38408420535,1000
0x02ebdd4d10b91e3018c0706a39a02c5fe1c893ef,4,1,1,1,1,0,1.0,0.0,7007051254927081.0,901132247847015.0,901132247847015.0,1000
0x02eca8cc78b7d30c1ac5e16988ed2c8a9da658d6,167,32,21,71,43,0,3.380952380952381,0.0,3.0106734225676214e+19,1.1800099246074071e+19,6.402682508184854e+18,1000
0x02ed7efb3115fcbc0dd488a03eba6218857a2a75,4,2,0,0,2,0,0.0,0.0,8594966087752.534,0.0,0.0,504
0x02eda208efc7d92efeaf7418833c3081a42dd3a1,6,1,2,2,1,0,1.0,0.0,1556174362473541.2,200.07985627189936,200.85407113744253,610
0x02ee19a0a14b494ba9411c5bbba18931195fd51b,1,1,0,0,0,0,0.0,0.0,26021648799.84869,0.0,0.0,502
0x02ee663daf3bd6ab80be2e8b0f54abc8721b7d68,1,1,0,0,0,0,0.0,0.0,1015238383467.801,0.0,0.0,502
0x02ef87478ec4a04f0dacc721f254084ed3772600,1,1,0,0,0,0,0.0,0.0,24076388633.600044,0.0,0.0,502
0x02efac30f1619d817d6ffb28f54ed3647404235e,5,1,0,0,4,0,0.0,0.0,1872.2940146198853,0.0,0.0,502
0x02efc83a645d9db930e3d4db3824f831faecd82b,2,1,0,0,1,0,0.0,0.0,401.2006924869162,0.0,0.0,502
0x02efeda00025e73209ea07c51a2277de0f71ed53,2,1,0,0,1,0,0.0,0.0,26829090000000.062,0.0,0.0,502
0x02f01b3f6166ba12150e4d1d8df5ccc9cb524f07,2,1,0,0,1,0,0.0,0.0,496.0886331323141,0.0,0.0,502
0x02f0e7c42da6ae4eea04c1df5f83f8178d33cc0b,10,5,1,2,2,0,2.0,0.0,2017163466543961.8,224352.0400221962,214836.17299888845,1000
0x02f11fe7a88805f3afbe76f28d0ee7b090d4e99b,130,52,28,28,22,0,1.0,0.0,6.453155680502258e+17,4897800261206709.0,4899279079455400.0,1000
0x02f176449675d72dbf1d33a1078e631743fe048e,1,1,0,0,0,0,0.0,0.0,153550566893157.78,0.0,0.0,502
0x02f17bf76592833beb2418f8246d433f7e4d6fed,2,1,1,0,0,0,0.0,0.0,1589784134874.0051,731300702042.0424,0.0,502
0x02f202fe714eadef1a33dc3d85de9b367d77426a,1,1,0,0,0,0,0.0,0.0,91425329.66943736,0.0,0.0,502
0x02f21b7c148d5fc587a285d2f538f29c36176e52,11,6,5,0,0,0,0.0,0.0,3.6688358476051224e+16,22886.100474772957,0.0,512
0x02f277795b12cf2010b7e77298ce29370d392409,19,7,0,0,12,0,0.0,0.0,3363433422836462.0,0.0,0.0,514
0x02f384dc0539ff16b820239004d25dae1e3adf96,2,1,0,0,1,0,0.0,0.0,668961072240419.0,0.0,0.0,502
0x02f494a93a9e172722849643ce2f070e92a7baea,1,1,0,0,0,0,0.0,0.0,112225639540.97433,0.0,0.0,502
0x02f4a8a87c4458ee03e65a539a13d52d2925335f,1,1,0,0,0,0,0.0,0.0,189905361582.22824,0.0,0.0,502
0x02f4e1f34fcfe2f52139f3e5920fcfad5a1a8b94,1,1,0,0,0,0,0.0,0.0,1.0320220564274882,0.0,0.0,502
0x02f4f3130d02314a16dc81e040a2aa32c8a2b16a,32,3,10,8,11,0,0.8,0.0,6.911095194010034e+16,5353518073943219.0,47513.77640797756,1000
0x02f5203e90d85ed83700e43dbe2b42d842b33d83,2,1,0,0,1,0,0.0,0.0,1422549332718750.2,0.0,0.0,502
0x02f60da35d5759299b1c4e3b22c7152b318f5664,4,3,1,0,0,0,0.0,0.0,59479847916.50834,3955971466.9105034,0.0,506
0x02f6129b12fbf83b4457c57050b51de97ce8276b,2,2,0,0,0,0,0.0,0.0,3239298680466.998,0.0,0.0,504
0x02f70f05c3a430d0da5e1a5bf45e8dddfaf8b0a8,13,5,3,3,2,0,1.0,0.0,1539111363528382.0,724.3686672815265,345.8972230111989,622
0x02f7467aecaae0863706f954c7adfe47b5e5f538,15,5,4,4,2,0,1.0,0.0,704915614708590.0,302.69192359143733,270.9743117989282,624
0x02f84f7c168cfda125318a1405f747bcf7eacf44,1,1,0,0,0,0,0.0,0.0,1.577317851669225,0.0,0.0,502
0x02fa46ca85874d0e24d6fbfa776f3195240ec6d5,3,3,0,0,0,0,0.0,0.0,1964827259454.096,0.0,0.0,506
0x02fa9380115eeefccd18f91ff806d3d8e3725b32,23,4,4,5,10,0,1.25,0.0,821843817953672.8,547270213594512.1,547635668872648.3,1000
0x02faf4316dcb9330751f3677436aa849aa93851b,248,46,63,72,67,0,1.1428571428571428,0.0,1.824486256991836e+17,1.498580867997831e+17,1.5498542548549674e+17,1000
0x02fafec4c577431e5229f01df088cb699a7cc691,22,9,4,2,7,0,0.5,0.0,61755962385603.195,4532453916030.476,3104853981284.641,1000
0x02fbe024637327931e70262658854cfdebefec92,1,1,0,0,0,0,0.0,0.0,1.0328745230185714,0.0,0.0,502
0x02fc557009ff92edbac5bc4c94a989b24008a21f,5,3,1,0,1,0,0.0,0.0,289422038685666.4,33449961548860.312,0.0,506
0x02fc75ad4ae6105dc1feec29f49e56347a859c65,40,11,11,6,12,0,0.5454545454545454,0.0,1454325435300034.0,662595148790693.9,657610284358821.4,1000
0x02fd763b2c3ccb4ed333ed780cfba62b9b65f675,1,1,0,0,0,0,0.0,0.0,1041648705637.7089,0.0,0.0,502
0x02fdb206bba3e5a61d8c5730c79a21f3caa78276,1,1,0,0,0,0,0.0,0.0,1.1061690139995182,0.0,0.0,502
0x02fe4d3a1b36a009941d1a136821ca368255bf76,1,1,0,0,0,0,0.0,0.0,201494265598.0157,0.0,0.0,502
0x02ffad0f8125e76bf4467d78139f1eb0b60f2b8c,2,1,1,0,0,0,0.0,0.0,42622143070.90131,5652804120.809193,0.0,502
0x02ffb9b4bbc29f9a59b20c541d369c5add62a5a3,250,56,40,28,126,0,0.7,0.0,2204928956173602.5,2.8365624921346004e+16,2.813723380991593e+16,1000
0x0300f68f3c30e4655650d99c845a95e39875b75f,14,3,5,4,2,0,0.8,0.0,4915529751187256.0,4.778633297355688e+16,4.370440483660663e+16,1000
0x030138d2f5f2757daae2fbb8dfd18870ea908881,1,0,0,0,1,0,0.0,0.0,0.0,0.0,0.0,500
0x030163c3ecc06f0a41c11ee74e3ea2a6086ad3e4,7,4,0,0,3,0,0.0,0.0,88473133679456.22,0.0,0.0,508
0x0302147a27780e6b3ce7ec44db979b653d02c921,1,0,0,0,1,0,0.0,0.0,0.0,0.0,0.0,500
0x0302174ee723a5a094f78877caf6cc1ae1c90533,5,0,0,0,5,0,0.0,0.0,0.0,0.0,0.0,500
0x030252c314d52af695fdb0176942dec4566b6bb7,1,1,0,0,0,0,0.0,0.0,1.5698934557978328,0.0,0.0,502
0x0302e30a5a3a471f99fde37bfa52d3be463461d9,2,1,1,0,0,0,0.0,0.0,24849894455.70422,4329249905.174952,0.0,502
0x0302f495deee51627014e73e3b5f937fbdfb2680,6,2,1,1,2,0,1.0,0.0,6250.6761815134105,2778.0783385471423,2767.475359047746,634
0x030347c0ef50f625e3172ddeabb921067e85730c,49,34,5,4,6,0,0.8,0.0,1533717493019675.2,52021.829143691764,51994.44588151234,1000
0x03038ac3f9bc2f1ba227a7e3b42fbd1f376efcf9,2,1,1,0,0,0,0.0,0.0,153232001465752.16,30.05592028750215,0.0,502
0x0303df66b608496531b49940f19db4c024791454,1,1,0,0,0,0,0.0,0.0,1089041806878.748,0.0,0.0,502
0x03051aba8bbf9fc5d38ac4554bfae1e84b9dd8ca,5,2,2,0,0,1,0.0,0.2,216482854999.8302,46146120589.34434,0.0,459
0x0305a736ce98f8768c5e927dfa15d0b04517a621,1,1,0,0,0,0,0.0,0.0,17693344711074.86,0.0,0.0,502
0x0305cc8c9cc1a0b1ff881cee4621873fe6f9f8e0,1,1,0,0,0,0,0.0,0.0,1186257535000.039,0.0,0.0,502
0x0305cf6d8af11679eee6aa68c528ed25f837aa4f,26,10,1,5,10,0,5.0,0.0,1.6392082849113548e+16,9951342095926948.0,1.7613210857243608e+16,1000
0x0306588e0deb5dfd0afc70ad227aaa8551deaf25,2,1,0,0,1,0,0.0,0.0,9247.105290383026,0.0,0.0,502
0x030745377d953913b2af2a64d961287ff800f7e0,40,13,9,9,9,0,1.0,0.0,1942104714724063.0,682918401740413.1,682919849585356.5,1000
0x030888e8fe9f0cbe3ff04c0fda1c0954c6b68822,17,2,4,6,5,0,1.5,0.0,13083595296582.69,153.08752952308495,279.59494258641894,674
0x0308e74c4971077380b748fd6bc0164a775386e3,2,2,0,0,0,0,0.0,0.0,2063836940700.2446,0.0,0.0,504
0x03090a4006197538241dca9b635c9ad149d9097f,1,1,0,0,0,0,0.0,0.0,1.2303690797609954,0.0,0.0,502
0x0309146e7b8baefa23f193632ef74602768af954,329,113,62,57,97,0,0.9193548387096774,0.0,1.5140394940267616e+16,2279341578652820.0,2279346740575900.5,1000
0x030a031d24ff4fdf49d42328a9f75aaced335570,1,1,0,0,0,0,0.0,0.0,1438549766786.1987,0.0,0.0,502
0x030a5e099482bab2259b3aa2afe176251a6280ef,1,1,0,0,0,0,0.0,0.0,20017489699.18211,0.0,0.0,502
0x030adc0b63a946d3c161f49c8f4d25a526b903b7,14,3,9,2,0,0,0.2222222222222222,0.0,4028757794745262.5,3059177871267102.0,96374649470169.66,1000
0x030b67dac665e0dae36951c5a69a639c7a8492e0,1,1,0,0,0,0,0.0,0.0,0.0004987126781314165,0.0,0.0,502
0x030cb7762dacad0e55e38eb6685d7923c68d7113,1,1,0,0,0,0,0.0,0.0,1.1036742073986285,0.0,0.0,502
0x030ccddbf7666d9f7f3bf97a920986a8a309957e,1,1,0,0,0,0,0.0,0.0,9.928470905942559e-05,0.0,0.0,502
0x030d0a4232b1ff4668858ae2c3d1ccffe08dc215,1,1,0,0,0,0,0.0,0.0,1.1052887337659798,0.0,0.0,502
0x030d4aa68030591cfd14814f6505ba6f57802c96,1,1,0,0,0,0,0.0,0.0,225285577975.7935,0.0,0.0,502
0x030d9f55c7f7589034b829a87bf3bd84d6682a18,43,4,15,11,13,0,0.7333333333333333,0.0,8.048571788281007e+17,2211581.591624056,2215017.15495346,1000
0x030de328e6a4855412279780172507240c4c7175,1,1,0,0,0,0,0.0,0.0,201928081566.5605,0.0,0.0,502
0x030de3de170036c537b1f7bf6f983220464abe1c,112,53,21,16,20,2,0.7619047619047619,0.017857142857142856,4.364841788442969e+16,236405717609094.84,19133.185461964265,907
0x030ded6654f0ff272eb93151ee98bdce379f266b,9,8,0,0,1,0,0.0,0.0,753769520240063.2,0.0,0.0,516
0x030e371d56829ea5777c07d970484d03920091f9,1,1,0,0,0,0,0.0,0.0,155305039090.0003,0.0,0.0,502
0x030e691d39e2dda9ffb32de5f49fdbf9f590ef00,6,4,2,0,0,0,0.0,0.0,663781708982.0757,449891789531.82764,0.0,508
0x030f8726b8dfc17b9d505a21e8f7a87815e33848,29,21,0,0,8,0,0.0,0.0,1.3315899005154914e+16,0.0,0.0,542
0x03105f295874820c5939e2f27602c9478b94969d,72,72,0,0,0,0,0.0,0.0,260583219.63238636,0.0,0.0,644
0x03116a2824b26d29e4f8f41555e674b679583402,3,2,0,0,1,0,0.0,0.0,20048490860560.848,0.0,0.0,504
0x0311ee008aaec2f8fede60d56207512b7f0d0802,1,1,0,0,0,0,0.0,0.0,1.0884625522312024,0.0,0.0,502
0x031291aa04a24e90fa704ae1a51598944c55de4a,53,32,20,0,1,0,0.0,0.0,4.4706237757556685e+17,319792.10911667394,0.0,564
0x0312fa145990146d456380d66ea495a7d014fc86,2,1,1,0,0,0,0.0,0.0,11191814376.473717,5608395087.473332,0.0,502
0x03146c86fd6737a8ca454dd8dbccd43284e133d2,3,2,0,0,1,0,0.0,0.0,232778739573820.7,0.0,0.0,504
0x0314732f2aeb62651ce2f1712e51300aa6e1676e,2,2,0,0,0,0,0.0,0.0,2.8547668067017766,0.0,0.0,504
0x03148673c88d563193fea07d9fb373234e67386a,1,1,0,0,0,0,0.0,0.0,1804910435977.3633,0.0,0.0,502
0x03148e5d55d5a2382c644e78910d13cdb7218235,11,5,2,1,3,0,0.5,0.0,1494365023021744.2,227080782306281.28,247277564494121.28,1000
0x0314d69c14328bed45a45f96a75400f733164e13,162,134,4,3,21,0,0.75,0.0,8489821557451670.0,491460464994904.75,548220652785868.44,1000
0x03158305104b385e1a566fa7153dfb13da15f410,20,9,1,1,9,0,1.0,0.0,2150639631374675.0,18.29402379076085,18.319971999002654,621
0x0316187ad162d7c5be2f7112662e353c85b6384b,1,1,0,0,0,0,0.0,0.0,141876141604.4331,0.0,0.0,502
0x03161e579198971cff2dd1769da7758e34b6976c,4,1,1,1,1,0,1.0,0.0,2.25589358472647e+16,6976.155641382553,6976.155641382553,674
0x03169fa2a2113de2c90b4823cf8eb7541061d6f0,5,3,2,0,0,0,0.0,0.0,1.247036861758731e+16,5507.437817200003,0.0,506
0x0317ecb39406e23837b8b1aad06bc43f10c1be08,4,1,1,1,1,0,1.0,0.0,1766179553833816.8,499.91989696427646,499.91989696427646,609
0x03180215daa2759cbc86f2e487b25cca2883566d,1,1,0,0,0,0,0.0,0.0,3186411762728265.5,0.0,0.0,502
0x03188444e0ec5e63d99350baedd479ebcab82f63,430,198,79,82,71,0,1.0379746835443038,0.0,1.6064975904753336e+16,3949629894504173.5,2630898306563245.0,1000
0x0318b7bf3433dc91fdd0c749b88855f076efd5d5,103,24,34,16,29,0,0.47058823529411764,0.0,4.274944155571758e+16,4.268526751786252e+16,2.455296867994716e+16,1000
0x0318ccfbfae5e2c06b2f533a35acecea13b9909f,73,25,20,20,8,0,1.0,0.0,3773560100088268.5,468689017871855.1,200066030148184.28,1000
0x0318dcf3b0bba28d13e67d6ce8f32eadad011512,2,1,1,0,0,0,0.0,0.0,15854237614.713926,0.0022509558575093108,0.0,502
0x0319f328205f66b18ef279c18efa3e3839c005f1,1,1,0,0,0,0,0.0,0.0,1.3062858595941755,0.0,0.0,502
0x031bc036ec5106ea4f2ca5921d5370a21171a123,4,1,1,1,1,0,1.0,0.0,1.0160987488733286,0.20321974977466573,0.1989134525963867,605
0x031c0b7a301322382ec7ab6af873dd9732e3d6e1,1,1,0,0,0,0,0.0,0.0,174227862265.9292,0.0,0.0,502
0x031c0e3d66bdb6cad82b7f9efe20d00b55d785b3,1,1,0,0,0,0,0.0,0.0,1004312185881.295,0.0,0.0,502
0x031c7807637ecec27d158bd4156c954e682a2f54,93,26,3,59,5,0,19.666666666666668,0.0,2.765951594419948e+17,412708.91202773195,416164.5468924056,1000
0x031c84828a86616270ce4b5b2b8b1d73cbe55b01,1,1,0,0,0,0,0.0,0.0,972311217856004.8,0.0,0.0,502
0x031cdab9bbf52b9000f023c3197fdaef8f6a4989,5,3,0,0,2,0,0.0,0.0,133666317191207.25,0.0,0.0,506
0x031d132adc8141130bd55be6583edded884497f4,44,27,6,5,6,0,0.8333333333333334,0.0,1686638187967416.8,834.7680404729188,405.9746498491204,656
0x031d2da6a39dfe83c314df7c2e7a74bfad01773b,7,4,2,0,1,0,0.0,0.0,2238362875295.8677,1795228304082.7236,0.0,508
0x031d7542ff2c60947b0959a87df1e9b3337d3667,1,1,0,0,0,0,0.0,0.0,768303700906416.4,0.0,0.0,502
0x031f2e22d9a20142ba0c809577e0003c9a3b1ec2,2,2,0,0,0,0,0.0,0.0,2.3615842216294958,0.0,0.0,504
0x031f584479760bf6a0e6e3246cceadb6e4d66bc0,14,8,2,1,1,2,0.5,0.14285714285714285,3201458744570122.5,1001.980143395607,204.8032448070767,532
0x03205689ad8d8e3838e244f925cf888275ac01c6,54,29,9,3,13,0,0.3333333333333333,0.0,3028081402274322.5,1401.838142450929,900.192114835816,609
0x032075ac7644068531c4b13595f092eb99920416,5,1,0,0,4,0,0.0,0.0,1.5741571493753006,0.0,0.0,502
0x0320f12e5c7cb57029a9d4e1655e17f29866e478,1,1,0,0,0,0,0.0,0.0,1.6178523497542792e+16,0.0,0.0,502
0x032140da0856e068fc916fd5a369a33561419dd9,1,1,0,0,0,0,0.0,0.0,1021323906304.9271,0.0,0.0,502
0x0323965dc531ecc76511a24dafca4a502533917b,6,2,1,1,2,0,1.0,0.0,7208.641062825026,100.66629485256185,100.76113653929971,608
0x032401f44bba316be8161251c16c45e07ee0d203,2,2,0,0,0,0,0.0,0.0,1078022560225.2811,0.0,0.0,504
0x03240c50823411981a719e3f59b12476d653e67f,1,1,0,0,0,0,0.0,0.0,3.974436741304824e+16,0.0,0.0,502
0x032419aad03e8a7520b0650620e14310cefa5dfa,2,2,0,0,0,0,0.0,0.0,3265721098859.337,0.0,0.0,504
0x03244eaa7a5eeb5322527ce489aca1a5426b3755,2,2,0,0,0,0,0.0,0.0,1453158383888.0127,0.0,0.0,504
0x03247269bad6aa35ef79ff7f674d714c64d26611,29,14,6,3,6,0,0.5,0.0,265366784968399.03,100301473416184.75,105902804900929.45,1000
0x0324c205a0a2b21d7591cef3e198e103990b1457,2,1,0,0,1,0,0.0,0.0,1.0039552893094368,0.0,0.0,502
0x03251ae9065a02d50230e02b137265157e101c20,3,2,1,0,0,0,0.0,0.0,1.1253697783814028e+16,2931693820624803.5,0.0,504
0x03253b687deaa44f5a9df0005a7163db65413e01,1,1,0,0,0,0,0.0,0.0,95203183422.96126,0.0,0.0,502
0x03270912905f63b1b2b99b9a520a86810aa07f89,17,5,3,2,7,0,0.6666666666666666,0.0,3804776700120635.0,1563.7861155812798,505.291578150006,587
0x0327344015c02e55ce6f13f90cc132da5d98cd52,2,1,1,0,0,0,0.0,0.0,115060143.86674774,11506014.386674775,0.0,502
0x0327d880665d0a65bc578a82e9d83f21b993756c,146,72,34,10,30,0,0.29411764705882354,0.0,1.549657626714027e+17,4.346576095079762e+16,25921.268718301362,962
0x032829e7678891e08aab091f6127f07639bcb26d,2,2,0,0,0,0,0.0,0.0,993617103.3570114,0.0,0.0,504
0x0328938eda94f1ad9f62e71a56c4387835ceb62d,1,1,0,0,0,0,0.0,0.0,97150152.73848262,0.0,0.0,502
0x03289bb5b77a418cfbadec78a7c206b1eb6444c5,17,7,3,3,4,0,1.0,0.0,351591740814379.94,302.8284957552614,294.9675406653391,625
0x032936b50b7c50a2008bfbfc70567a5dfa00a7e6,1,1,0,0,0,0,0.0,0.0,173338447571.46677,0.0,0.0,502
0x032945f825c2c9ffb445a2de02513b811554df46,2,2,0,0,0,0,0.0,0.0,2.1901122540111655,0.0,0.0,504
0x0329ca0125055eb93a8fbe5913e299ea99cb49f9,1,1,0,0,0,0,0.0,0.0,994024817.3762043,0.0,0.0,502
0x032a2386566db1e1558904e3ff9f8f90acdd98ed,2,1,0,0,1,0,0.0,0.0,4996787838405010.0,0.0,0.0,502
0x032b2f80d52e2873094d820b7befc15c294c6e65,2,1,0,0,1,0,0.0,0.0,10907.56163690903,0.0,0.0,502
0x032bb3d64f289e35ec8642c9bf2bdad7d73529d0,7,3,3,1,0,0,0.3333333333333333,0.0,143720434827.75864,1003004833.5169656,5.758482350000006,542
0x032c00db90f28a81163b313cf1bc92247f2ed67e,1,1,0,0,0,0,0.0,0.0,1209623285547506.8,0.0,0.0,502
0x032c4db5f7434fb9e0ea85ccbbff1fa2d7c9d8aa,2,1,1,0,0,0,0.0,0.0,15854237614.713926,0.0022509558575093108,0.0,502
0x032c56e52d2cd8be4256cba3c631931d1e3b07cb,37,10,4,2,21,0,0.5,0.0,3574608483808444.0,1203.0805716879986,1199.6423239468347,587
0x032ddfdf432eb4c97faf50a3d7fe1898e4e123a6,2,2,0,0,0,0,0.0,0.0,2.0284967703636125,0.0,0.0,504
0x032f074dddcb996b0da95402800653a1c1c5bf37,3,1,1,1,0,0,1.0,0.0,559590718823.6858,279795360753.3433,279795360753.3433,1000
0x032f904c1f675add398dcb3733acf36b84b79c95,108,35,28,24,21,0,0.8571428571428571,0.0,2.0971603294673117e+17,1.6322302034486746e+17,1.3275528421680064e+17,1000
0x0330056b009539f120717f6ff4d823c3ce2cbf63,1,1,0,0,0,0,0.0,0.0,1.0490772992469457,0.0,0.0,502
0x033026f0aa842c3323d02e5974c51d38c8056178,4,2,0,0,2,0,0.0,0.0,248347.97561391452,0.0,0.0,504
0x0330d6432c963f761eaa5a7567ea161027cc36d3,1,1,0,0,0,0,0.0,0.0,1.1057690357889531,0.0,0.0,502
0x03310baf844bfe66aadd339c73f9229f35aa4c6d,203,87,59,24,33,0,0.4067796610169492,0.0,8.023285219728191e+18,1.6683441188863805e+18,5.992829870931828e+17,1000
0x033185ecc07fe116859d5fc721802d724b85c4e7,19,5,3,5,6,0,1.6666666666666667,0.0,355374419734139.8,211614374113180.6,210330707005888.1,1000
0x03318cdf6bcc6ab97814029ed0324d101ed0c921,1,1,0,0,0,0,0.0,0.0,178345368367.87494,0.0,0.0,502
0x0331c1ce75f315a49849be77b6a37b1959ebb1eb,4,2,0,0,2,0,0.0,0.0,113454044125436.62,0.0,0.0,504
0x0332be92c16b30591296507a665a164c4966b425,2,1,1,0,0,0,0.0,0.0,75047012400.00012,15009402480.000025,0.0,502
0x0332d875f3fc0475474548dcf29f23591cb14d29,2,1,1,0,0,0,0.0,0.0,15854237614.713926,0.0022509558575093108,0.0,502
0x0333a10f65956afcbd633c517c2a6dd3ced00a40,9,2,2,3,2,0,1.5,0.0,89927.61303693455,3.048392071073411e+16,3.0512799494599624e+16,1000
0x0333fbf46d16ea6d26c6a09503cc3c0c1e7c95c8,3,2,1,0,0,0,0.0,0.0,1541047462147.73,1.001007333514699,0.0,504
0x033466da370e828b957754b75a1370506d0de739,1,1,0,0,0,0,0.0,0.0,1.1338229544991214,0.0,0.0,502
0x0334e081f088642f7628030bc6b28289495c5400,1,0,0,0,1,0,0.0,0.0,0.0,0.0,0.0,500
0x0334eca378b5c3ca56c8cbef990eec2e3a30a7cf,33,16,10,1,6,0,0.1,0.0,1.0323932736610334e+16,9962.886578514768,655.6480704296938,551
0x03352f97e46d751d978c0293f0e51d53b6959599,1,1,0,0,0,0,0.0,0.0,2.0063783716916634,0.0,0.0,502
0x03356060622b057978f616a26ebb2967a73625ec,1,1,0,0,0,0,0.0,0.0,3794527872769951.5,0.0,0.0,502
0x0335a3481a074ead996574587714af349a114013,13,1,1,2,9,0,2.0,0.0,993.5955829946333,498.21271560964806,500.90421176458403,713
0x0335c709c9d9f938b2554b91974ef0812e16e890,1,1,0,0,0,0,0.0,0.0,53130150229718.01,0.0,0.0,502
0x0335f428955506d0c06d18b8fa5a8aabf7462e59,44,20,13,7,4,0,0.5384615384615384,0.0,622875151292876.5,129062279287068.16,69419523277030.06,1000
0x03365fa521cc5ece8b1f7ed1fb00bd4637b01781,2,1,1,0,0,0,0.0,0.0,227304758766.87936,56826189691.71984,0.0,502
0x03369f6db2e2e77a2ef92b6295d6989cd68b8491,2,1,1,0,0,0,0.0,0.0,0.9995629064900772,0.19991258129801545,0.0,502
0x0336bf727c155c2c4789d809d30c8c11f4d3ab49,5,5,0,0,0,0,0.0,0.0,254030246726606.28,0.0,0.0,510
0x0337cbd1a09ae0c4e7f802c0ce2cffe880ef49ba,56,23,8,7,18,0,0.875,0.0,3665314464578458.0,990043050092601.0,993903461146323.4,1000
0x0337dcbc6f5f2c2ca665fdd487f7d8f23c305b08,74,29,19,15,11,0,0.7894736842105263,0.0,1.958084467404934e+16,7719981483215171.0,7475615304686438.0,1000
0x0338413ee756d4e561f073b1767e6bf5e18393e9,8,3,1,1,3,0,1.0,0.0,607.5882801585979,497.9797511120574,500.0320827721401,614
0x03387d5015f88aea995e790f18ef7ff9dfa0943c,6,2,1,2,1,0,2.0,0.0,38483360.81212791,139928.59113998344,141397.1490997372,1000
0x0338e55ea1a26c84ffd70d7c79d8094ac36b6148,36,30,2,1,3,0,0.5,0.0,2848645785084520.5,153977954881419.4,200.56223977633914,615
0x0339928b90de16e4fb37de38acbbbe9449ff756a,2,2,0,0,0,0,0.0,0.0,112.59993916372704,0.0,0.0,504
0x033a0f17fb49d292785f02b959227cf5cf50f21a,27,13,5,3,6,0,0.6,0.0,2140272255425501.0,1274496844302979.5,1207584653567070.5,1000
0x033a10f0fa3a846f441f7d7469a2352f910443ad,62,17,12,13,20,0,1.0833333333333333,0.0,5373.686348757413,2458.19539315975,2569.399168131797,707
0x033c88d3eb2ca45023942ae4488882d391a801fd,1,1,0,0,0,0,0.0,0.0,9918972.386314986,0.0,0.0,502
0x033c9f336f9b7f25cda00b97fe299d1b9a129908,3,0,0,0,3,0,0.0,0.0,0.0,0.0,0.0,500
0x033cd435e2bdf5227787d54d46c9231cf529acd6,3,2,1,0,0,0,0.0,0.0,17851449364.394066,0.0009974141208000005,0.0,504
0x033d66fac8634e3c34be50cf24f5016f31447077,72,72,0,0,0,0,0.0,0.0,260540491.7902999,0.0,0.0,644
0x033d74a910eaae2518f6b6d9c78af634a4833779,1,1,0,0,0,0,0.0,0.0,2014642018218.472,0.0,0.0,502
0x033dab06e494cedc8bf20717976a4af9d740c4d9,2,2,0,0,0,0,0.0,0.0,1255573986196.0776,0.0,0.0,504
0x033dafd977e7c4fa8ccfd4775492e3ee5cbbd1c0,1,1,0,0,0,0,0.0,0.0,214970988119.06152,0.0,0.0,502
0x033dc008e1ab5d7004e8fabfd834f841a89c7e10,47,33,8,2,4,0,0.25,0.0,1.645265520890284e+17,4.967906527227668e+16,200613.54749993197,1000
0x033dc48af6f744a1b5f039d2a3dc38ae5424db96,2,2,0,0,0,0,0.0,0.0,1142717216487.8823,0.0,0.0,504
0x033df985bd88c096ceb0bae2545d35f18eecdfb4,4,1,1,2,0,0,2.0,0.0,7733928801540.489,1.9982306923442157,2.0022020467073096,708
0x033e036bda697d7a7615dcd04cf7f1883904fc6c,5,2,3,0,0,0,0.0,0.0,2.864516906632039e+16,12651.619881678796,0.0,504
0x033e1be8c2d5de9ff4e5a04618d6cd2db4e6f9ed,2,2,0,0,0,0,0.0,0.0,1067218500890.5559,0.0,0.0,504
0x033e8cf361b0658925f4c3c2d9be754b86e327ef,1,1,0,0,0,0,0.0,0.0,1002967697772.2278,0.0,0.0,502
0x033ea4c2e32eab510cb29d8c492dd4c1171cea50,21,8,4,3,6,0,0.75,0.0,2214705524678725.5,1089.770337028044,1083.2760017985033,610
0x033f0b0c71753239adaea7f7394812b79f7176a0,3,3,0,0,0,0,0.0,0.0,3213163748572.8394,0.0,0.0,506
0x033f35a020fbdaa7108bd8e509fd50a88a9915de,4,3,0,0,1,0,0.0,0.0,254.1568406768812,0.0,0.0,506
0x033ff82972978ddd56307e37805c516536e1dfae,1,0,0,0,1,0,0.0,0.0,0.0,0.0,0.0,500
0x033ffcf5d843a16da224f62b5cb1c4980310f796,136,49,30,28,29,0,0.9333333333333333,0.0,2.826982466177181e+17,1.3995832752813232e+16,1.4069555887004732e+16,1000
0x03402343d6192caec409b0570cf59905969adc2a,104,34,34,34,2,0,1.0,0.0,6845107065056046.0,414685476061728.44,9457.63775172217,864
0x0340389d85c806f7f5f66d6cd2fd1f91d6f7dd10,2,2,0,0,0,0,0.0,0.0,2219587255715.728,0.0,0.0,504
0x03407689dca8b86e8dd3c867899f1fb168c21bb7,2,1,0,0,1,0,0.0,0.0,1548363719983935.5,0.0,0.0,502
0x03408ddff230918d5235152f2caac102e3d48202,2,2,0,0,0,0,0.0,0.0,1130051389484.0515,0.0,0.0,504
0x0340af84322e83ae445c375c10a6ac90989b85f6,128,37,26,25,40,0,0.9615384615384616,0.0,2.3293919155447204e+16,653743809174041.6,652368030981938.2,1000
0x0340c0b1ef5d48083ac0afb00322b38b21f0d8db,31,15,8,5,3,0,0.625,0.0,4.5982729606746616e+16,3.1878443189493812e+16,4.015210631003994e+16,1000
0x03413203ef38895fb2661a62046949893ae9fd6b,20,10,2,3,5,0,1.5,0.0,33091485862537.684,18115.281447363675,18082.68474224836,859
0x0341ab2d783648be716fa78a48eedf13f151335e,26,13,5,3,5,0,0.6,0.0,516778351973040.1,348.940842866002,249.48410641746852,597
0x034272d147bcf7a5d27937e80fed03aa3b60a6d1,2,2,0,0,0,0,0.0,0.0,1049448380307.1255,0.0,0.0,504
0x0344e6dc73a4128d7a889509a13c3dd25b4b688a,12,6,6,0,0,0,0.0,0.0,916271432978714.0,452948715035450.1,0.0,512
0x0345e39554c2fe41f68b3516d1c94dae0ff0c458,1,1,0,0,0,0,0.0,0.0,1.1093597209167714,0.0,0.0,502
0x0345fa5dc69c9ca90a441215e2fa8a0b36469286,6,0,0,0,6,0,0.0,0.0,0.0,0.0,0.0,500
0x03470c993d22b5405ed10a1e51afe1505be32ccd,1,1,0,0,0,0,0.0,0.0,1.0889682408970949,0.0,0.0,502
0x03471b120914390f8a4fc104e601c32d89989399,1,1,0,0,0,0,0.0,0.0,98935786.93912394,0.0,0.0,502
0x03478c0564936f7a51138d28d1cdce99855c2b7f,5,2,1,0,0,2,0.0,0.4,5312095069296924.0,3510.812062034828,0.0,414
0x03482e6aaf23d9367aea1e306ffba42bc7fbe9fd,4,1,1,1,1,0,1.0,0.0,102804457884750.22,35.084417775492874,35.084417775492874,605
0x03485453f0b0511dd6bd4173ad05093b1e0313de,30,15,12,1,0,2,0.08333333333333333,0.06666666666666667,1.6591845825159104e+16,4769206701381910.0,294.3204141240352,520
0x0348f1e1789f813762881fe3933635bc79c1c373,4,0,0,0,4,0,0.0,0.0,0.0,0.0,0.0,500
0x034961ef5fd3f25dbb91440ad3ce0a119e875847,44,27,13,1,3,0,0.07692307692307693,0.0,6644975079352584.0,1527052878820374.0,1.392483010318976,564
0x034a30809a0ecc75ae8bd5bebdea60ca509713ae,1,1,0,0,0,0,0.0,0.0,15826348971695.758,0.0,0.0,502
0x034a4081df0c5a039d05113a7d0b334083a7b084,16,8,3,2,3,0,0.6666666666666666,0.0,5.215924762333472e+16,1.0173202923272284e+16,7029.28192120594,658
0x034aef79606d0888348cdc0d6c30cb2f989f106a,1,1,0,0,0,0,0.0,0.0,126535514844.66075,0.0,0.0,502
0x034aff341d97429136304f3021e8f27975de3da0,53,12,22,16,2,1,0.7272727272727273,0.018867924528301886,1.8646465661941456e+16,1.7353068839082782e+16,1.3575253146173184e+16,1000
0x034b054426cd05f70ea0d98d35083ac73322b939,17,7,5,2,3,0,0.4,0.0,1357259004154294.2,2034.4339801136484,1019.7926105502851,570
0x034b2fd624f4895fc932ed31ed63d8be06b82c08,156,23,52,52,29,0,1.0,0.0,1.1283564803031886e+18,4.508296776814566e+17,1.7341913404301744e+17,1000
0x034b5155a9a8a8513bc27a77e1036bc18f4cf5b6,1,1,0,0,0,0,0.0,0.0,1.047698923343354,0.0,0.0,502
0x034b5cff596058dc37d983a8491278148ce13d88,2,1,0,0,1,0,0.0,0.0,9737.927856676297,0.0,0.0,502
0x034b63d519579980d9b527c9908f90495c858d7d,2,2,0,0,0,0,0.0,0.0,132625919833138.58,0.0,0.0,504
0x034bab37dee3cb342aa38ea6ce819bb93ca99ee8,1,1,0,0,0,0,0.0,0.0,205921059860.42868,0.0,0.0,502
0x034c69160676cd0f0ee35719a93343ea066e31a4,24,6,3,4,11,0,1.3333333333333333,0.0,1.2520560386271523e+17,78419.31887829087,78391.79926439094,1000
0x034d8677141fc9cfd7c16a401abf44aa94f9d293,2,2,0,0,0,0,0.0,0.0,2296181487521.5225,0.0,0.0,504
0x034dbf59af51b3f322eb2bc30a25bc6d40f6e450,1,1,0,0,0,0,0.0,0.0,1.0466378254976958,0.0,0.0,502
0x034f4243c5e44976913d3e607089d75bc976dde2,2,1,0,1,0,0,0.0,0.0,2238362875294.743,0.0,823555879034.346,1000
0x034f5434e14148a554c38f72118239d3b4078888,21,5,4,5,7,0,1.25,0.0,390800720928721.1,26755950596718.867,26251251017005.117,1000
0x034fecdfce9b15a19ad60b1e9a3bf469aad59e64,2,2,0,0,0,0,0.0,0.0,1.0239219539852862,0.0,0.0,504
0x035032655b5b3784d359b56eb82c803bd971c582,11,10,0,0,1,0,0.0,0.0,1.0540590151310416e+16,0.0,0.0,520
0x0350520a1e54dd49848db2ee24540713f2620c55,4,1,1,1,1,0,1.0,0.0,1.873319807420731e+16,6891945234427831.0,6846400351940400.0,1000
0x03507501959de1df612099f3916f28d5b07bca4a,2,2,0,0,0,0,0.0,0.0,2.0409638568382955,0.0,0.0,504
0x0350c69d7970e174d84ef0947048c2ee9f0c8adb,15,12,0,0,3,0,0.0,0.0,7.849747065190168e+16,0.0,0.0,524
0x035110da0507fd99916c25eecfd1f1946a99741d,1,0,0,0,1,0,0.0,0.0,0.0,0.0,0.0,500
0x035192d0554d24a91970cdf8f10ca82cb48c8eb6,2,2,0,0,0,0,0.0,0.0,2490541118574.8657,0.0,0.0,504
0x0351b0b81fdd1db5dad0617d97c598cd3c37baaf,255,82,45,67,60,1,1.488888888888889,0.00392156862745098,6585609574404394.0,523782885894168.0,305726538929999.9,1000
0x0351c5599f6d7a0306c02e5c5b3b76f789b395a0,82,48,19,6,9,0,0.3157894736842105,0.0,5.482446480607695e+18,3.05646797761461e+17,3.050335731374511e+17,1000
0x0351c94cae69947448969ca8b6fef20dfe14203b,49,17,10,11,11,0,1.1,0.0,2.7436026307768104e+16,1.0764248255951563e+17,1.0696522174404869e+17,1000
0x035254b8663a4e25c0a61fe7fe1c695fd2ad5f91,1,1,0,0,0,0,0.0,0.0,15854237614713.926,0.0,0.0,502
0x03526fc1075e3c4f3dceac665a7141606eb11ae9,4,3,1,0,0,0,0.0,0.0,443375184116473.25,233446316208701.28,0.0,506
0x0353e69aa5fecdc675ef74f4fd856588714edbdf,2,2,0,0,0,0,0.0,0.0,2.394168886468785,0.0,0.0,504
0x0354a4de7462a6987cb9390d5bd065c9b98d34cf,17,8,2,3,4,0,1.5,0.0,555091451287235.06,149.93814903178244,149.80236288525285,676
0x035556926c0c52223142c174871df815ba6d770e,1,0,0,0,1,0,0.0,0.0,0.0,0.0,0.0,500
0x0355c584ff086058e20d4c1eb73ad2408c38cb04,1,1,0,0,0,0,0.0,0.0,14374019741232.336,0.0,0.0,502
0x0355e6d75261199fd78e1faba4e59bf6fe31dfe8,1,0,0,0,1,0,0.0,0.0,0.0,0.0,0.0,500
0x0356011c3a38e07fe2826f1d578fa3e1e52ec877,2,2,0,0,0,0,0.0,0.0,1658536151220.4785,0.0,0.0,504
0x035648071a7ebb842fc55a01e44ce01ab8b844ed,159,73,29,16,41,0,0.5517241379310345,0.0,7033712169690005.0,1517046589076457.2,1540931435984121.0,1000
0x0356ece0b66df94ba8448075d0aa26453dd406cc,48,25,16,4,3,0,0.25,0.0,2553208504807841.5,502889242522622.0,300236929887253.94,1000
0x0356f20234bc49395be12b077d81d8565a1c1527,2,1,0,0,1,0,0.0,0.0,9469.323012544015,0.0,0.0,502
0x035719f46ff6a671a1101fca5d9fc9c7dce44d42,5,2,0,0,3,0,0.0,0.0,233.81426162842067,0.0,0.0,504
0x03572f17c8e8ac3d5e5f767bff74dca89f310225,4,1,3,0,0,0,0.0,0.0,1047451261761.731,671508862588.423,0.0,502
0x0357647aa1d02d4e7503d23eb7370dbccdec7117,3,3,0,0,0,0,0.0,0.0,2190024593038.5183,0.0,0.0,506
0x0357c980e66e6ef343a35715138b7670b0ae74c5,55,26,9,3,17,0,0.3333333333333333,0.0,8.127581234380414e+16,82843.74961836933,57666.419099011706,1000
0x0357dc60f8e2d1972e5f2dd8f9bb32f2559e04e6,13,3,0,0,10,0,0.0,0.0,215735968364355.66,0.0,0.0,506
0x0357ee511a77d1981d2d79e076f9608be771c85b,77,34,22,7,14,0,0.3181818181818182,0.0,5.344222400973912e+16,86264.37754916561,86265.24329308946,1000
0x0358751229cd0f5f5bc0d4dd21b19139cb58944b,9,9,0,0,0,0,0.0,0.0,130885227691231.4,0.0,0.0,518
0x0358c2ab1c477f338776d96c01a0a53f9dba4d0f,12,6,2,3,1,0,1.5,0.0,844060370066421.9,310.13514373133836,310.2457215618399,674
0x0358f827f0446f5e1248f5aae42ecae8b3dacb61,1,1,0,0,0,0,0.0,0.0,0.011636673670938473,0.0,0.0,502
0x035a38a537384f981b611cc598f9f36cdc3542dc,3,1,1,1,0,0,1.0,0.0,535207344403200.56,100.36328743361771,100.27231161244443,606
0x035a4b944b8b28565d3dc9e7ff80da78acf6cdbf,5,3,0,0,2,0,0.0,0.0,52238904418295.555,0.0,0.0,506
0x035a5b6b64fc4d37e32fd32361c026f77e68cc10,4,4,0,0,0,0,0.0,0.0,4109491150001.408,0.0,0.0,508
0x035a909c0fbc30a88d83d2fd9367a0962c012e5e,1,1,0,0,0,0,0.0,0.0,173426647929.74258,0.0,0.0,502
0x035abc4c74e4a03de41fc5cce6c13e10e6d569dc,5,2,1,1,1,0,1.0,0.0,402.2311585322424,65300117155000.086,65000281916675.61,1000
0x035b27ed461b13990c0b9ed0e01c08d0d44cd033,15,3,5,6,1,0,1.2,0.0,221240773450435.12,5979270016821639.0,6041379328493858.0,1000
0x035b32173c6beca69608dc1b5740bfec727c5d82,57,21,13,8,15,0,0.6153846153846154,0.0,7.026495119020371e+17,5.227255476699834e+17,5.264738695353047e+17,1000
0x035bc96201666333294c5a04395bb3618a2b6a11,63,24,16,9,14,0,0.5625,0.0,2835458423002935.5,1268578073735982.0,1250575021093922.0,1000
0x035d5e9aef9c24c42764a90b1ef6207d22fda0e7,137,65,28,9,35,0,0.32142857142857145,0.0,8.607840718126525e+16,6.022374367675819e+16,3.0141671456359372e+16,1000
0x035da46acd8cf44725c6541d688260e2a8d5cc10,1,1,0,0,0,0,0.0,0.0,1026157532892.4052,0.0,0.0,502
0x035daa8f8ad585b1059d5fe5476e2bf4237218de,8,3,2,2,1,0,1.0,0.0,485015442468863.9,84.76239155771832,84.84200812573559,612
0x035e5f83ad0fd8e73f5c844ea66c7f63894511d1,1,1,0,0,0,0,0.0,0.0,1.1112046807465286,0.0,0.0,502
0x035e72ef297547349d8ce3573ebb8e10dc639816,46,20,9,6,11,0,0.6666666666666666,0.0,1.0324464818104193e+19,8.329848399117532e+18,8.412126571925518e+18,1000
0x035f0c9f6b5a3c07c158956b9eb91af830db9216,1,1,0,0,0,0,0.0,0.0,9.19684687927738,0.0,0.0,502
0x035f31a67d87cd368b1e7a5ccb15f9efe9191c29,5,0,0,0,5,0,0.0,0.0,0.0,0.0,0.0,500
0x035f4a089e99bb14fa010a6ce80e9640e1dd01fc,10,3,1,2,3,1,2.0,0.1,1114685773787547.4,400276927836619.1,200483453312049.28,1000
0x035f54740a2b26337ef50b85786c2e246dbbaba4,1,1,0,0,0,0,0.0,0.0,69127033398508.516,0.0,0.0,502
0x035f73f456eeb7bcc5a74a66ccdeb9243bdf45ad,1,1,0,0,0,0,0.0,0.0,174033286425.93024,0.0,0.0,502
0x035fc3b0ec2487c1c9def561f578ec77a06b1b12,27,10,2,1,13,1,0.5,0.037037037037037035,1.9858797318728292e+16,1.1963277439193778e+16,5978208069616794.0,1000
0x03604e6625fec18f298ecf393cfd70b2d8bfc0bf,9,5,4,0,0,0,0.0,0.0,5750515295600384.0,2570182500129900.0,0.0,510
0x03607361b844e659f4e8846af200074e219513e2,24,10,9,5,0,0,0.5555555555555556,0.0,820256887249529.5,62538992574015.5,220.64246239452817,592
0x0360b9acda197703cb3040715c75659c38f13cf7,3,3,0,0,0,0,0.0,0.0,2008106435501462.8,0.0,0.0,506
0x0360dcea9bf79bb3fed1cf01a8e2dd8fecd85235,1,1,0,0,0,0,0.0,0.0,1836028364054.1514,0.0,0.0,502
0x036161ee78969e00d3ea480f2139357fd77247ac,52,14,15,11,12,0,0.7333333333333333,0.0,1.2825081570449251e+17,1.644599757231187e+16,1.6245876393822506e+16,1000
0x0361af4fd68e69f7f55d6a920c4195f87ad81d15,1,1,0,0,0,0,0.0,0.0,151.358263046448,0.0,0.0,502
0x03630da783ae465b0afb812f7bc6374d677b0829,24,9,6,8,1,0,1.3333333333333333,0.0,503658579665327.1,136013.20587000798,149035.69987493366,1000
0x036328c52eccfc46d348e2a27da72ae48e00852d,1,1,0,0,0,0,0.0,0.0,1009433241918.0483,0.0,0.0,502
0x036345b8465096ac474b07e08b6117d8134ef847,1,1,0,0,0,0,0.0,0.0,3268756724814.985,0.0,0.0,502
0x0363839d89014a84d63a029b6c5d540344453b64,2,1,1,0,0,0,0.0,0.0,19929876562.866814,4634855014.620189,0.0,502
0x0364fd4f4a4adb95ce6566c794f6244ca87943d7,4,3,0,0,1,0,0.0,0.0,3971165623411.034,0.0,0.0,506
0x0365ad837b20583a235b652cfce03987561c9948,53,38,9,1,5,0,0.1111111111111111,0.0,1508469479286059.5,546883723589669.4,71.16568354223514,590
0x036631a163767ec4b518ba3c234185811f7d9827,1,0,0,0,1,0,0.0,0.0,0.0,0.0,0.0,500
0x0366521285f902c5b10a6f1ace37a70d68e0e0bf,26,19,3,1,3,0,0.3333333333333333,0.0,1420258567755441.5,1001.3998509667433,406.8610283499056,578
0x036658b4a676c8458b34bbdfc7a8f1a092b44081,1,0,0,0,1,0,0.0,0.0,0.0,0.0,0.0,500
0x0366a61a1d2a15da442d08bc822b2c8a93b4393e,2,1,0,0,1,0,0.0,0.0,10486.649063060966,0.0,0.0,502
0x036808e8efef543ac49c40a2b6d98f8f36798a91,144,31,43,30,40,0,0.6976744186046512,0.0,8.800197303667955e+16,3.941057521574895e+18,2.427192835193157e+18,1000
0x0368ca98437266a286e33042e6990dcde1450db3,1,1,0,0,0,0,0.0,0.0,198705759244.6848,0.0,0.0,502
0x03692b33a187d69661b0f5b1cd0244702c340fe5,1,1,0,0,0,0,0.0,0.0,1313120670596.5903,0.0,0.0,502
0x036955e921822b666da7fb487370f7cbb115906e,1,1,0,0,0,0,0.0,0.0,1496573120208620.5,0.0,0.0,502
0x03695ecfee68b3d537711d04d11de6a8f1329f6a,2,2,0,0,0,0,0.0,0.0,2.2521683489091147,0.0,0.0,504
0x036962a84f8e3423918082c672d9ab18752c30c2,1,1,0,0,0,0,0.0,0.0,202997532356.35413,0.0,0.0,502
0x0369a18568f22c77ec0780cb9b79402e64fe8b89,25,14,5,2,4,0,0.4,0.0,1478800035008173.5,252.16747297344597,38.73223052990231,574
0x036a310b351f1d24dc5891a9f7ddc1e42ced51fd,120,57,32,15,16,0,0.46875,0.0,2402501215165596.5,3725.60604483599,1681.387316022645,722
0x036a6ba1fcad423064d09806479b5ffbf5f22fbe,1,1,0,0,0,0,0.0,0.0,9.73778086602723,0.0,0.0,502
0x036ac8829034821015a1181efb8f8e4357af3df6,3,2,1,0,0,0,0.0,0.0,18356429693.170033,0.0009998145757458103,0.0,504
0x036baa2d91ee84b680177acbc391d554170f1ab6,1,1,0,0,0,0,0.0,0.0,1.0182429614739998,0.0,0.0,502
0x036bbffd6f8d19a6af2121bd690ed041e90fa2e5,1,1,0,0,0,0,0.0,0.0,1471965389264.9863,0.0,0.0,502
0x036c3168619e6264ddd3523b978fddc2c84bc7d6,1,1,0,0,0,0,0.0,0.0,1.3903009244531708,0.0,0.0,502
0x036cd2526fde6ea08e0e268309dd2a3af3b95d10,1,1,0,0,0,0,0.0,0.0,1.101379396549388,0.0,0.0,502
0x036cedec201095f375e6d1aff69b74a2d9b7d0c8,4,0,0,0,4,0,0.0,0.0,0.0,0.0,0.0,500
0x036da3aa7d31181bf0fb4f0bc128b04a7bdcc08d,4,1,1,1,1,0,1.0,0.0,2891639793971029.5,893595102158501.6,893595102158501.6,1000
0x036dbbd11bf2958377e459cb75fec9bb9944785a,47,22,3,3,19,0,1.0,0.0,2297661317254560.0,55402780254264.125,380.64091565631475,656
0x036dce7f98c0a17da43db21d522969ea009fd301,3,2,0,0,1,0,0.0,0.0,1186188290448.936,0.0,0.0,504
0x036e1218a711ea2186f6413b16e373c1c1ff1a5a,12,6,0,0,6,0,0.0,0.0,3009472909569141.0,0.0,0.0,512
0x036e88f0cf7abd5ab1ef2f13853d50cf2263397f,1,1,0,0,0,0,0.0,0.0,1.2689317132642022,0.0,0.0,502
0x036ea8e17701bbb41fd0b9bfb36bce98d0baefda,4,3,0,0,1,0,0.0,0.0,2.632370000131885e+16,0.0,0.0,506
0x036fcf32222c17667b562b427acb2bcd737a0db9,4,1,1,1,1,0,1.0,0.0,4021723115804084.0,693.9192093296438,693.9192093296438,611
0x037036f81ead07dc3f749e53c24d65d90247eb1d,1,1,0,0,0,0,0.0,0.0,1322092406422.0225,0.0,0.0,502
0x03707609abc5d0c9ffcd26ba6dbe083a3a833857,1,1,0,0,0,0,0.0,0.0,10.034946263460178,0.0,0.0,502
0x03708dfece91d4abf97deef2e77d9747ab5c9ba1,1,1,0,0,0,0,0.0,0.0,160979016075.7049,0.0,0.0,502
0x03709bd13f446ef4408347011cf3c0b457d848fa,1,1,0,0,0,0,0.0,0.0,1.0377616148750706,0.0,0.0,502
0x0371229099726879e47c045aca027e0a27d3c5d1,7,4,2,1,0,0,0.5,0.0,1.0270318240924326e+16,1989.6447683195693,496.8155693677186,565
0x0371aa0fd3c1791c05b6d73896a7d2e84e4ee646,2,1,1,0,0,0,0.0,0.0,44573655837.193054,4979185652.434624,0.0,502
0x0371ab664ae72f3b5d408de53a9f05f3279fea3d,1,1,0,0,0,0,0.0,0.0,1578967267206.886,0.0,0.0,502
0x03725920246c11418ebdd11ffbb1661467616f81,1,1,0,0,0,0,0.0,0.0,4973320223487.693,0.0,0.0,502
0x03725af1b7357c622c2a91a28df41d8217941180,2,1,1,0,0,0,0.0,0.0,70445124458.0466,14089024891.609318,0.0,502
0x03733ca219c6418adba6f120daca918eb3f67738,49,22,18,9,0,0,0.5,0.0,5.30038866601728e+16,1.5686780917098778e+16,1007020254358295.4,1000
0x037343879ca2c1d0078038549ee042046f32243f,21,10,7,2,0,2,0.2857142857142857,0.09523809523809523,1.0015006921809251e+17,3.3709960563673176e+16,7765.061163050232,603
0x03740d9e1c042fc41e995e59da9ca953d3d68fd9,37,18,14,2,3,0,0.14285714285714285,0.0,2.935170865434616e+16,14149.911296227929,2431.6279610033253,580
0x03750b3599a04179ea939217a8fc0be522bbe0d8,1,0,0,0,1,0,0.0,0.0,0.0,0.0,0.0,500
0x037582877a10e01ed2d34b2587b385b0bb44d675,1,1,0,0,0,0,0.0,0.0,1.1872083148804038,0.0,0.0,502
0x0375c3cdacf59035471566ff3e775b5f10d57ea1,3,1,0,0,2,0,0.0,0.0,6419.7479799884895,0.0,0.0,502
0x0375dafe356324fa45e5993855508b6204279d9e,1,1,0,0,0,0,0.0,0.0,103.29023094821386,0.0,0.0,502
0x03761263846e6a598e667e6a573ed86fabff8953,4,1,1,1,1,0,1.0,0.0,7108289131382283.0,2539992472864001.0,2539992472864001.0,1000
0x03781270005438697bdd9296f9d96a209f8af93b,1,1,0,0,0,0,0.0,0.0,1.7750242986900782,0.0,0.0,502
0x037949068f0cff6d57d7253398e60577ccd86dd3,11,5,1,1,4,0,1.0,0.0,2297840070305006.0,301184915911778.56,303229281552916.5,1000
0x03796fa1bf321bf02cb48969723afe7e0cdb5e55,9,2,1,1,5,0,1.0,0.0,3065741721629435.5,1501.1473526358006,1502.057651674034,622
0x0379eec40a19d1a6c23bf323128bea4188985014,1,1,0,0,0,0,0.0,0.0,0.09548485088645361,0.0,0.0,502
0x037a0f059374030dca53c918177a9d4f11c75347,1,1,0,0,0,0,0.0,0.0,1055302175070.8644,0.0,0.0,502
0x037a28da412268621439c31fd0d54dbb511d47b4,4,1,1,1,1,0,1.0,0.0,1671619865518681.0,631190177429346.9,631190177429346.9,1000
0x037a3079e857e383454fefbea892fde12a2e83fd,14,11,0,0,3,0,0.0,0.0,8308214216761936.0,0.0,0.0,522
0x037a43f01b3c2a2acd60510c1b893e94cb64333d,12,2,3,4,3,0,1.3333333333333333,0.0,2785073742727795.0,4247.951514155118,4260.220583790761,691
0x037a9d27797eeb292588aab2861c95242a6ed0e3,1,1,0,0,0,0,0.0,0.0,1674792868438.6238,0.0,0.0,502
0x037b22bd2ed3df1e5bb8fbf7faa2feac9dda22b0,4,3,0,0,1,0,0.0,0.0,48382.023865253796,0.0,0.0,506
0x037b392129f7ad2fac6787fefb35779df131856b,2,2,0,0,0,0,0.0,0.0,2916420007004.87,0.0,0.0,504
0x037b9e14191238dbfc4e670497b1d4ebf51373ea,1,1,0,0,0,0,0.0,0.0,1.0252591577042711,0.0,0.0,502
0x037bc5471ff04bff3170a1364d2201259c02b127,36,22,0,0,14,0,0.0,0.0,8522831653575166.0,0.0,0.0,544
0x037bef2da33513cfb998e36894d073773d3285f8,92,26,20,18,28,0,0.9,0.0,3.4172904872704543e+18,2.5052998225546086e+18,2.939709897260549e+18,1000
0x037bf6a1e7b137f824f46313317e033ffeceb613,172,94,22,31,25,0,1.4090909090909092,0.0,1.907781654012131e+17,9105865337363826.0,9705827572531114.0,1000
0x037ca92482ddaae946133ea49e3578ac75bcbef1,4,2,0,0,2,0,0.0,0.0,416658484762511.6,0.0,0.0,504
0x037cdd64f9b2e00fc6b7a1aa3e6152aff8718540,2,1,1,0,0,0,0.0,0.0,2645.722960604026,6430439611801.84,0.0,502
0x037d9c5bcc88932c6dfdde923043f1fa065a1c69,9,6,3,0,0,0,0.0,0.0,654930250734270.6,128.3014639791815,0.0,512
0x037dfd569defbc08ae28001159b4c49f6d006cff,2,2,0,0,0,0,0.0,0.0,2031113138663.4194,0.0,0.0,504
0x037e2847c769d20564502183f524f88baa06b389,2,2,0,0,0,0,0.0,0.0,744993858488.1094,0.0,0.0,504
0x037e2fd9f7f79e38cd027e6ad4212d2d697eae60,38,17,10,5,6,0,0.5,0.0,787645894060194.0,360115839301834.9,218707103346258.66,1000
0x037e908997841df68afb48eb1c9a6e441310abf5,9,1,1,3,4,0,3.0,0.0,5379300641423.978,242.26830377545565,484.08318847477426,815
0x037ef353b228e621872f569be0b0f876e6b78dd6,1,1,0,0,0,0,0.0,0.0,984791116673.5681,0.0,0.0,502
0x037f910b25fe4a3f08da116f9fe026aec93b74e0,2,0,0,0,2,0,0.0,0.0,0.0,0.0,0.0,500
0x037fd387317f2b6c50d43ea6c36de384ea9b2cf5,2,2,0,0,0,0,0.0,0.0,2073896209942.1182,0.0,0.0,504
0x03807e5ca6505683c96cc30bc71c018b4b0f3f38,32,18,10,2,2,0,0.2,0.0,2540395460919742.5,746915486397591.5,16678.016001138854,728
0x0380af22b08d62fba32da15e68a94e71ba8b8f3a,2,1,0,0,1,0,0.0,0.0,9904269857683.758,0.0,0.0,502
0x0381d12b94af184aedfc27d326624b70c65fc7b4,1,1,0,0,0,0,0.0,0.0,208680809146.49725,0.0,0.0,502
0x03827daa642b7e409e4d08fb34836c22d0a3556b,218,80,34,49,52,3,1.4411764705882353,0.013761467889908258,1901919127598699.0,706256590382890.0,239824850163694.5,1000
0x03842b4c71c18188191cad1cb9a8dab32d2eab7e,28,7,14,1,6,0,0.07142857142857142,0.0,1.292244108818515e+16,3748052809342726.5,3625221935017321.0,1000
0x03845ccfb1173f4810dab66664ce61564fd91ad1,1,1,0,0,0,0,0.0,0.0,1.1063997367924017,0.0,0.0,502
0x03846bf20ade32e9b95d925fe47bd2279c5a88b7,9,4,4,1,0,0,0.25,0.0,2749528745876.478,1580803541156.5674,304476444500.22986,1000
0x0384f296396564cdd310bb398e1dc8a98fb3b137,6,2,1,1,2,0,1.0,0.0,1.2179274890105072e+16,9682961881041768.0,9702703722179772.0,1000
0x03851f30cc29d86ee87a492f037b16642838a357,98,43,33,10,12,0,0.30303030303030304,0.0,1.017592960648687e+17,8.126050581192e+16,8.36662220996004e+16,1000
0x03858ae8ecadc39ce9a3ab3fc6769dd8fece2d0f,1,1,0,0,0,0,0.0,0.0,1.1030669655335508,0.0,0.0,502
0x0385d3a3ca20ddd25bfb20742fdcfc3ddbfb0c59,1,0,0,0,1,0,0.0,0.0,0.0,0.0,0.0,500
0x03867a6c590972095f2c82dedede42a62f46952a,75,50,6,1,18,0,0.16666666666666666,0.0,9.394054506591448e+16,3866168950433756.0,9998.78181535668,719
0x03873505d18421366d0fa6f27f49694d80dc1fbd,1,1,0,0,0,0,0.0,0.0,1.5082613757377343,0.0,0.0,502
0x0387de98476d2ca45d092ee0cf7af798be4660a1,3,2,0,0,1,0,0.0,0.0,8024359625088.47,0.0,0.0,504
0x03886228bb749eeba43426d2d6b70eba472f4876,33,23,4,0,6,0,0.0,0.0,3318477640732102.0,483908549425732.6,0.0,546
0x0388efdfbd5f519f6c63319b5710d5231dd64868,10,7,2,1,0,0,0.5,0.0,1.1936925165944572e+16,3208.2445696250957,1261.5410859040283,579
0x03894d4ac41dd6c4c2f524ed4417c90fa46972c6,5,4,1,0,0,0,0.0,0.0,1239659604518.8147,113652379383.43968,0.0,508
0x038a122489ebd2bf9968e02d1203258b49e4832e,6,2,2,0,0,2,0.0,0.3333333333333333,321808573214000.5,128755815872000.2,0.0,427
0x038ac1795d2c99b312e981e2992bfc45d0b3c73e,3,0,0,0,3,0,0.0,0.0,0.0,0.0,0.0,500
0x038b15767ebe38fc2002b8c597ec9054021dcf7c,51,13,12,14,12,0,1.1666666666666667,0.0,9.563618156096638e+16,9.155598288742677e+16,9.407557180708506e+16,1000
0x038b7e904b21cf2be68d10dec84eb0e118333e3e,1,1,0,0,0,0,0.0,0.0,1.6257912468045599,0.0,0.0,502
0x038c266d54f2a143b8604343bcaf28caba4e8939,29,6,6,4,13,0,0.6666666666666666,0.0,1113959685640165.5,508825486507013.2,450862473084008.4,1000
0x038ca2dcaf884d02dd1deae89bf23a7831fb1179,47,22,8,12,5,0,1.5,0.0,2.0100618807638748e+16,1096574599432197.2,1108118135428898.8,1000
0x038db6c62d0f072616e2b8db7d3d7cfc829f7f65,24,9,4,5,6,0,1.25,0.0,7.278659350209942e+16,2.7165170822352544e+16,2.4293766021944016e+16,1000
0x038e8cdb75c6677cfed6854e8b315066f9a909f0,18,8,4,3,3,0,0.75,0.0,5099619191668400.0,966.027674704203,965.2358249764291,609
0x038f1867a56cad72bce4c0a462a3fd4e4a4b3dd1,25,6,2,5,12,0,2.5,0.0,506058317234839.56,780.5205247682134,780.2149040525442,784
0x038f3ac9acc74b7918d9903d4429d36e57fb1fdb,2,2,0,0,0,0,0.0,0.0,1.2282290752389708,0.0,0.0,504
0x038f41dd54f67016088bfceb81841cc1c51a159f,1,1,0,0,0,0,0.0,0.0,184353119858.37637,0.0,0.0,502
0x038fbb17eff0c348725c45e1109ef29041250d1d,2,1,0,0,1,0,0.0,0.0,10985.023581862051,0.0,0.0,502
0x0390969e6ddcc17e2ca8813d9f38e276b76c5113,33,5,10,16,2,0,1.6,0.0,3.750293966643672e+17,1.4541420022535395e+17,1.4832881214690448e+17,1000
0x0390e1bdeefce3d6245ede5de9b3ce7b05be9a06,1,1,0,0,0,0,0.0,0.0,1.1386880362362828,0.0,0.0,502
0x03917b0fc420092b18dcb24e719f44600211eb45,14,8,1,1,4,0,1.0,0.0,1624185201639973.5,199.97883649219355,202.51361626723153,621
0x03922322741e50ee5a589aedc9fc7ed74a3e1e32,58,18,12,12,16,0,1.0,0.0,8.95986474120781e+16,1.6501456538884262e+16,1.6613243940067494e+16,1000
0x03925f072fd69b9427b3be238a41d70a946811d9,1,1,0,0,0,0,0.0,0.0,1.1082679263914847,0.0,0.0,502
0x0392af17b9462b1e41d68c4c59bdf9a8289a52d9,1,1,0,0,0,0,0.0,0.0,1270757882551.5947,0.0,0.0,502
0x0392c0d81934b52f64aa50c2cfbbcf28cd6141b2,13,4,5,3,1,0,0.6,0.0,1.3895022697943024e+17,6.666459009594231e+16,2.1265383762486116e+16,1000
0x0392ea959f551f01d432e1fa26110ef69d55e4c1,52,23,9,8,12,0,0.8888888888888888,0.0,3.665638261098508e+16,2.62678643283502e+16,5205950600036041.0,1000
0x03933112dd553026128ee4b55831764c39aa1ad8,5,5,0,0,0,0,0.0,0.0,39031067897411.586,0.0,0.0,510
0x03936ba0a4fe117eb026e65b89661438017a07a3,1,1,0,0,0,0,0.0,0.0,1020051578265.1724,0.0,0.0,502
0x03936fad73cfd65a108318d917a7d00af8f2b16d,71,71,0,0,0,0,0.0,0.0,260583128.6238007,0.0,0.0,642
0x0393931783b1d0ead3b8b0e0f44c1f23ec3c4af5,1,1,0,0,0,0,0.0,0.0,1910777050871544.0,0.0,0.0,502
0x03939fefccb572f0279e788a71f5ad34a82a4379,2,2,0,0,0,0,0.0,0.0,2.053860701046137,0.0,0.0,504
0x0395183e0c76a1138913ce3df272ffc747f37237,2,2,0,0,0,0,0.0,0.0,17277949.39476005,0.0,0.0,504
0x03951f5c12a3b8c7fa09e115024d376077b17720,2,1,1,0,0,0,0.0,0.0,18493637701.002865,0.003953539031607055,0.0,502
0x0396147f0b821aa0d2581f8e2dad0c9956255028,3,2,0,0,1,0,0.0,0.0,95355126010724.12,0.0,0.0,504
0x039630fa4ad7f73738b1541dadf3bad89ffed668,5,0,0,0,5,0,0.0,0.0,0.0,0.0,0.0,500
0x0396b92e454cc2a7076fed1722393c1c4dbb14ea,1,1,0,0,0,0,0.0,0.0,1.8304365732094965,0.0,0.0,502
0x03972ff1fbbc42f532dbfc16e0bfbeec5cb9007d,7,2,3,1,1,0,0.3333333333333333,0.0,12840830274560.016,5618885767748.278,5348578752526.831,1000
0x039803254c85a3cffca6c0f0822e09a306bbda2e,1,1,0,0,0,0,0.0,0.0,1.1048741186337352,0.0,0.0,502
0x0398b107763c8e7fae5183241d383440ea3623da,13,3,2,2,4,2,1.0,0.15384615384615385,248079238849007.56,99817195055311.42,182000498274.7726,1000
0x0399d85e70a77d0103e2f82efe37c3f3eb7d51cc,2,2,0,0,0,0,0.0,0.0,2285947632605.005,0.0,0.0,504
0x039a21771e9abbd63a8fdb42e60de6b558c1baae,1,1,0,0,0,0,0.0,0.0,1.3078929314240073,0.0,0.0,502
0x039a285369490aa7bf4579207c547caf5fbdfb72,1,1,0,0,0,0,0.0,0.0,168316363890.64664,0.0,0.0,502
0x039a33aca90ecfc1b97f88de30264ebd84cc7c22,189,104,68,7,10,0,0.10294117647058823,0.0,1.0464203930837554e+16,5222383025673180.0,12232.748521672089,861
0x039a5ebc14114eb0ab9d7bf209049f0f904f78c9,1,1,0,0,0,0,0.0,0.0,992494252.3682424,0.0,0.0,502
0x039b0cac8f2257a805ae79431fc6daf67bd235fa,29,11,9,4,5,0,0.4444444444444444,0.0,509.2359356051957,309.756527743823,309.68596911512964,581
0x039b10e499e6b8e711cafc07123654a5b55852d2,1,1,0,0,0,0,0.0,0.0,1.1161197392948055,0.0,0.0,502
0x039b27c7e5771ee0108c87b4162999bea4dd1831,18,9,5,1,3,0,0.2,0.0,4635259748617477.0,4358.347235661888,1759.8647740053677,558
0x039bb7b830769fe8130ce5a40142fcd49a1452f3,1,1,0,0,0,0,0.0,0.0,1.0014906720000005,0.0,0.0,502
0x039c19df683512cc6255bd549fed1de7d1804ba9,1,1,0,0,0,0,0.0,0.0,1032357935860.214,0.0,0.0,502
0x039c361579aef4e8df5f7bfe0950dd06af0b1276,1,1,0,0,0,0,0.0,0.0,2.052434202855172,0.0,0.0,502
0x039c5a62e2d28cc85729666dcacb98c1ae21e343,1,1,0,0,0,0,0.0,0.0,1.6821130992212607,0.0,0.0,502
0x039c7320956110b7e9e350d382a354d6ace8d2c0,2,1,1,0,0,0,0.0,0.0,565138755005.8833,226055502002.3533,0.0,502
0x039cab749f176fd208e1367b266ab766308e80f8,1,1,0,0,0,0,0.0,0.0,241894010653.86447,0.0,0.0,502
0x039cd2b882895757eb015f1447f68a5a5ff0737c,1,1,0,0,0,0,0.0,0.0,135176717410.42357,0.0,0.0,502
0x039e2604295ba89a83588107391aed3cce36b97f,20,5,5,10,0,0,2.0,0.0,5.183642575124968e+16,16971.761598787845,594.6108877282181,745
0x039e2eeff82ec296c669f4aae063418afa8bcf02,1,1,0,0,0,0,0.0,0.0,1.7842711797920257,0.0,0.0,502
0x039e8cb6cf84518696939ea80ff8e021b871fde9,107,66,25,13,3,0,0.52,0.0,105653434448670.56,67867066682416.29,3.2671457860074775,723
0x039ec0b36450e9b2c5f59a3a6fe991469ac744f2,9,4,4,1,0,0,0.25,0.0,314569913358177.4,35774829832208.57,7119851950867.2705,1000
0x039eda3933ce405c2ff54a93a7afa07c08030164,7,4,1,0,2,0,0.0,0.0,659234088110347.9,146170544385353.7,0.0,508
0x039f620be875aa9c3d70fe9cf27a7c9192a8001c,12,5,2,2,3,0,1.0,0.0,244.36212910066368,184.70499282061675,195.38631060085967,617
0x03a0c2a422c4257440ec79aa0c96c472942082eb,1,1,0,0,0,0,0.0,0.0,1040783104808.5087,0.0,0.0,502
0x03a151746661bea0942281ec949de76eb6b4f6f2,31,10,6,7,8,0,1.1666666666666667,0.0,8854919390117.25,70.96125691640857,100.93369433862468,658
0x03a27a0bd8c8451480e04535690cf131423836e3,19,6,4,5,4,0,1.25,0.0,9564381191994984.0,91438606767137.23,4157.4972994421005,693
0x03a3cc4148619b60dda51612a4483ffe43435f34,2,2,0,0,0,0,0.0,0.0,1.2965257576865872,0.0,0.0,504
0x03a3d0eb17509dc9fb2a892ac1eab68419deb19b,19,8,1,2,8,0,2.0,0.0,1132132086346557.5,450.17515455422654,450.378588908226,726
0x03a493d043b71da48fd882161dae488abe112432,30,7,7,7,9,0,1.0,0.0,1943732170234028.2,1613302613968694.5,1618180601953784.5,1000
0x03a4c3ec5f926cf6490d57ed7fd496d21004c63e,1,1,0,0,0,0,0.0,0.0,1.1186779518684404,0.0,0.0,502
0x03a4e9e2c6cb51a8bbc82cffd76da057855cbe77,1,1,0,0,0,0,0.0,0.0,0.013244916381489023,0.0,0.0,502
0x03a57e2f5e6e840a8a15a7650a89069a5427a95b,8,6,0,0,2,0,0.0,0.0,265291110927779.47,0.0,0.0,512
0x03a5b7317c1fde03fa6ba0315ccd86fb8c6111f5,3,3,0,0,0,0,0.0,0.0,4110823414343240.0,0.0,0.0,506
0x03a5bdbd5a37ee782e9203811d227342c3fcfb73,4,2,1,0,1,0,0.0,0.0,3363093167925.2026,1150601438667.4775,0.0,504
0x03a673e4a53120a0f6f57e49b202f38553917136,7,2,3,0,2,0,0.0,0.0,1291.6595974985862,200041569000398.7,0.0,504
0x03a6e432e9a96e1141397ce2baf975c5ef333e5a,2,2,0,0,0,0,0.0,0.0,2926371513468.649,0.0,0.0,504
0x03a7628bb57509b55dbb38d35cffa94b68e2f132,2,2,0,0,0,0,0.0,0.0,2.259609878203448,0.0,0.0,504
0x03a81442b06c71f0b5850286dc36f99c6f449892,1,1,0,0,0,0,0.0,0.0,2.3633691301167934,0.0,0.0,502
0x03a82ee7997c87e7c6bd227fd3af77a3f175fb91,3,3,0,0,0,0,0.0,0.0,4.4266192837304397e+18,0.0,0.0,506
0x03a8e1fc6077c4aec6b67e677f579708fd1d79bc,1,1,0,0,0,0,0.0,0.0,203392083415.4444,0.0,0.0,502
0x03a931c01eb8cf98dccdeecfb7c601c7a701e138,1,1,0,0,0,0,0.0,0.0,112983889768.78131,0.0,0.0,502
0x03aa372d3aed6587c493702899950009f895c76e,1,1,0,0,0,0,0.0,0.0,1636380432565.4849,0.0,0.0,502
0x03aaab0b6729ec7ff3d23d34ae2249c4f0e7c9eb,14,2,4,3,3,2,0.75,0.14285714285714285,46705217987456.336,312986123151486.7,487083105853520.4,1000
0x03aad34b8d729c000e980d676b5012ce024e6ba4,2,1,1,0,0,0,0.0,0.0,36684681168.519295,4960130469.32096,0.0,502
0x03ab5739cf27680d40bdfa8778a63a9239badc40,2,1,1,0,0,0,0.0,0.0,21760867452.049065,4751281103.067482,0.0,502
0x03abccd9e326b65aa739fbc222a88783dfd01a8b,3,3,0,0,0,0,0.0,0.0,3.382329490210627,0.0,0.0,506
0x03abec9490d905b2e93c469e7f7409b085bfff8a,2,1,1,0,0,0,0.0,0.0,822581666963585.9,66444399593181.414,0.0,502
0x03ae6e3226c9fe470b638eaa1301965c613b8b6b,61,8,28,24,1,0,0.8571428571428571,0.0,4.3074011577892456e+16,2.299709976404584e+16,6873645952820547.0,1000
0x03aece912e043486c58feb7ee838bc643800a066,2,1,1,0,0,0,0.0,0.0,39265828428.05053,5015808285.176727,0.0,502
0x03af198dc04505a7210ae1e87d6d1d930f7a748b,13,2,2,4,5,0,2.0,0.0,1.8147265709995997e+17,1.0015616204733642e+17,1.008378692552586e+17,1000
0x03af63559532b015e76b2e70f6940304be09784f,4,1,1,1,1,0,1.0,0.0,7105374535521195.0,2993.0094180000006,2993.0094180000006,634
0x03afb65a1a79e2009632369e39662d985335c00e,2,1,1,0,0,0,0.0,0.0,347275489878.51385,173637746066.46896,0.0,502
0x03afea88bde96d8970727d0ebfd30f6ba1e8cdb4,2,1,1,0,0,0,0.0,0.0,28813051177.47349,3791190944.4044065,0.0,502
0x03b09526217743c5b360a084ff4c53a252fa770f,5,5,0,0,0,0,0.0,0.0,4381377816714028.0,0.0,0.0,510
0x03b16ab6e23bdbeeab719d8e4c49d63674876253,597,143,147,153,154,0,1.0408163265306123,0.0,1.4498426629172475e+18,3.320534388453799e+17,3.3170692681481376e+17,1000
0x03b22fab64e1cc7c11bc828c5f093bd7d70c4348,8,5,2,0,1,0,0.0,0.0,51184787084309.71,11418023415097.139,0.0,510
0x03b28bcd71d8dfbb71bf0d02bfca1e8bf49801b1,2,2,0,0,0,0,0.0,0.0,19513390992508.684,0.0,0.0,504
0x03b308b0091c8d1fec5406cff741352a2e66ae28,15,9,5,0,0,1,0.0,0.06666666666666667,8825789496700795.0,3929.801333416611,0.0,499
0x03b45818b8a756efa4d2824fe19967c3d4c5b174,1,1,0,0,0,0,0.0,0.0,1.0304666552254234,0.0,0.0,502
0x03b50207f389830139feca7fd0c340c1acb87cae,1,1,0,0,0,0,0.0,0.0,1.1112217280387695,0.0,0.0,502
0x03b5a8ea2afbc9930f089836fdcd4863b4dd2b92,20,4,7,3,6,0,0.42857142857142855,0.0,360.45090183866427,261.6984123374731,261.6672005862485,562
0x03b65bec52fc0458956e509c72088384c76e0c97,2,2,0,0,0,0,0.0,0.0,0.019146834229281443,0.0,0.0,504
0x03b71fecdeb2185c5fdf464a836334291f552fbb,4,1,1,1,1,0,1.0,0.0,7810624031945775.0,2971116000000004.5,2971116000000004.5,1000
0x03b79d2f2b47661e29b11605b55e34e7ac5f011d,17,1,1,7,8,0,7.0,0.0,176096126878.44482,440988083279092.7,881867506999948.2,1000
0x03b90ee77fc31114c5b5cbd363059db6066cca7d,86,40,28,11,7,0,0.39285714285714285,0.0,1.803921182633601e+17,1.1028997769775467e+17,1.6040322634615274e+16,1000
0x03ba32ace3739ccecb9bfa494138b07bab1c0306,1,1,0,0,0,0,0.0,0.0,4.961580907755821,0.0,0.0,502
0x03ba6269d28f72ddb9aee4d81392cafa63eb54b2,1,1,0,0,0,0,0.0,0.0,1.8743394808939662,0.0,0.0,502
0x03baaf9745e06fa191a150be5688501cd210a274,4,1,1,1,1,0,1.0,0.0,7704009406580470.0,895487262467445.0,895487262467445.0,1000
0x03baafc76f5bfff4b7e0ee99801621bcf98b48fc,1,1,0,0,0,0,0.0,0.0,1047037516679.4946,0.0,0.0,502
0x03bb14808209bb0ee48687db7ca6591c76e37ffd,2,2,0,0,0,0,0.0,0.0,1177924547637.7708,0.0,0.0,504
0x03bba88fca87ddd3ddcc4ee0efec1e046dd41a98,2,1,1,0,0,0,0.0,0.0,75307558623.99718,15061511724.799437,0.0,502
0x03bc4c7bb35b0d8209c157b761da5beeb576cf2a,653,231,138,88,195,1,0.6376811594202898,0.0015313935681470138,1.857061436250332e+16,5287991124510149.0,823459693664833.8,1000
0x03bcc3e7b883f353380babdb76bd914630954a09,214,89,37,42,46,0,1.135135135135135,0.0,1410299683580727.0,9329.194449716852,7937.597001050123,996
0x03bcf88508b36ed7890230eacb0dd520ffa6e04b,1,1,0,0,0,0,0.0,0.0,184258589426.2346,0.0,0.0,502
0x03bd0c6e69bfd5edc3739a7003a9d28c58e57f80,34,16,8,5,5,0,0.625,0.0,1.2408747443139267e+18,9.844115025831419e+17,8.009663690243978e+17,1000
0x03bd66e09647f5fc607fd45059bee1c42f8bf9e8,3,1,1,1,0,0,1.0,0.0,114106329073.89009,0.0309793705045479,0.0309793705045479,605
0x03bd77990f28a2393792fa111e553f4665121c88,1,1,0,0,0,0,0.0,0.0,39416286800000.125,0.0,0.0,502
0x03bdad6e6eaf145eaa26265e3e85c0dd26f4603e,1,1,0,0,0,0,0.0,0.0,1.1062141777879009,0.0,0.0,502
0x03be19182f725713377e75e52f6b873fda5c810e,1,1,0,0,0,0,0.0,0.0,1331722689004.4421,0.0,0.0,502
0x03bf7fd823908e56c8785e4c7ebfc46fc6a6e41b,175,111,34,19,11,0,0.5588235294117647,0.0,3.293070506691371e+18,4.7311348193965434e+17,1.0452839658295486e+17,1000
0x03c04b194242507de3d845887c6c36bdcf3121df,83,45,17,6,15,0,0.35294117647058826,0.0,2509948158277963.0,795675556355332.5,3146.882179097267,674
0x03c11dbb42b450d87352c76e034f2dcaaa65c039,1,1,0,0,0,0,0.0,0.0,0.0007950419304171285,0.0,0.0,502
0x03c1f86a157ef2f7baaa6fa37351833d7833c4e9,9,5,2,0,2,0,0.0,0.0,4.0820444393450296e+16,2.3685925799323412e+16,0.0,510
0x03c2bfd2509de9b13d0124015077e100a292336d,2,1,1,0,0,0,0.0,0.0,3249985889660.523,1592493085933.656,0.0,502
0x03c383f45deeb131f370304336603fda77eb9620,19,6,4,3,6,0,0.75,0.0,3951027164523240.5,1007255698231886.9,1005739777446146.1,1000
0x03c3960a62a174de58fd3e14eeaba401e672019e,1,1,0,0,0,0,0.0,0.0,1013108535688.6697,0.0,0.0,502
0x03c39bef89e5efd1db481b957f31fc3c86e7a361,1,1,0,0,0,0,0.0,0.0,1.0232746961953494,0.0,0.0,502
0x03c47aaa883fd00096eca1f3c9e2bf470d772749,5,3,0,0,2,0,0.0,0.0,679468349563385.8,0.0,0.0,506
0x03c48ba8fcd46b9b4419cd57063978769efb8de8,34,16,10,3,5,0,0.3,0.0,2.5204718655085184e+16,1.5571508353240972e+16,1.177381847177215e+16,1000
0x03c4a4c6878eb4b4284d945f46a7b35f0aac2cb2,1,1,0,0,0,0,0.0,0.0,1.2104371492112835,0.0,0.0,502
0x03c559e75e6f0340dd23559fb19758584a3774a0,22,14,3,2,3,0,0.6666666666666666,0.0,110154234477253.14,50497005087467.27,43841848825949.06,1000
0x03c5c835b457a754d82a5aa92f684743edc9b4df,8,5,1,0,2,0,0.0,0.0,60163534956601.81,30081767478236.02,0.0,510
0x03c65122e67c382ac316312ec5ffc1efdd1df219,4,1,1,1,1,0,1.0,0.0,8573419818235032.0,1117468449868829.6,1116033440050104.0,1000
0x03c668a2535eda70883f763786b3d7b4468b2f94,1,1,0,0,0,0,0.0,0.0,1311380342936.3726,0.0,0.0,502
0x03c8292158075a6138358d82d4cdea20aeac3a69,4,3,0,0,1,0,0.0,0.0,300.1995012613448,0.0,0.0,506
0x03c855665161246a40a02869c7879f8d99683bf5,1,1,0,0,0,0,0.0,0.0,1029078897004.7959,0.0,0.0,502
0x03c860ca0b89eb6669102657b218372e4fc0e460,23,12,9,1,1,0,0.1111111111111111,0.0,3099046787414689.5,2346669201629137.5,650.5748025036561,544
0x03c96842b6bc662b7ae40d619a77c9122643daac,2,2,0,0,0,0,0.0,0.0,2174062855012.8123,0.0,0.0,504
0x03c9968a489fb4cb22b4ad00b4033710f258dcea,2,2,0,0,0,0,0.0,0.0,2363979793204753.5,0.0,0.0,504
0x03ca081447f5bf2994cd1ad08fc63d9ef02578b8,2,2,0,0,0,0,0.0,0.0,2118931091826.915,0.0,0.0,504
0x03ca33e1e242e18658e5071e758d87edfb19018c,1,1,0,0,0,0,0.0,0.0,181598119848.27707,0.0,0.0,502
0x03caaa7a6e8053ca69981975c38c5273e3fc0ebd,1,1,0,0,0,0,0.0,0.0,134893407511.39383,0.0,0.0,502
0x03cad3d3c97118cc6854b7cf2ff90b23d0046989,1,1,0,0,0,0,0.0,0.0,220160794792.13135,0.0,0.0,502
0x03cb6ca80bf0c60407a3c55a4c6abb8611214226,1,1,0,0,0,0,0.0,0.0,1035804057304.3107,0.0,0.0,502
0x03cb9cf3a13e90c03f8009c5eddc28464c9db623,3,3,0,0,0,0,0.0,0.0,180666303776.29114,0.0,0.0,506
0x03cdaf6b506c8477881ecc9fd71fb4d5cd1ba852,1,1,0,0,0,0,0.0,0.0,2248805743177.0933,0.0,0.0,502
0x03cddb901b84f7e4d49350fedf0b764ab6fcfe73,1,1,0,0,0,0,0.0,0.0,1077743971746.1633,0.0,0.0,502
0x03ce47abe931e23bf221eb5453c1e03a4f60d949,115,61,13,10,31,0,0.7692307692307693,0.0,8135906277130427.0,1991010204112299.5,1919029974165688.2,1000
0x03ce7a47e2cd8a444db1213421146e31b4a3b646,2,2,0,0,0,0,0.0,0.0,2.0308174401789776,0.0,0.0,504
0x03cf6b13394978c0bd6f9ff7b1909aed5757bb0a,2,2,0,0,0,0,0.0,0.0,3237523174004.774,0.0,0.0,504
0x03d09b36307c9813266d5ff7a87d0c19ba7060dd,1,1,0,0,0,0,0.0,0.0,1635701884765.428,0.0,0.0,502
0x03d0aea80f01212181388158dabd6fa2e0a5fc68,1,1,0,0,0,0,0.0,0.0,1.1581239246346595,0.0,0.0,502
0x03d11a35efea67f3b98dcb9d3ddad6b15cdb43f6,77,37,30,3,4,3,0.1,0.03896103896103896,3.667870964746178e+16,16111.295021380742,3883.5103202186137,609
0x03d225884a6f01eb076ebb6a1081e1bfced8cb7d,10,3,2,2,3,0,1.0,0.0,2348.065408148982,1368.288336475532,1363.9717147285078,625
0x03d40203c75409cbcfc25165378ae937c82d47e5,2,1,0,0,1,0,0.0,0.0,280.9759431521628,0.0,0.0,502
0x03d541062bdcbb8475804cff4cebf10ab3cfce9a,1,1,0,0,0,0,0.0,0.0,1.038091371710574,0.0,0.0,502
0x03d59b1566576e7b64e7c43fcc3fff5ecd4c1b43,4,1,1,1,1,0,1.0,0.0,1908436012365476.0,695.207099084474,695.207099084474,611
0x03d6421aa63fa0f28292a577e4bf399e3029b7db,2,2,0,0,0,0,0.0,0.0,11389082605213.252,0.0,0.0,504
0x03d73605dac2453b0639945fe8c813b58517156b,1,1,0,0,0,0,0.0,0.0,0.009994123365813427,0.0,0.0,502
0x03d78f90e254f783e6e9fdc9191cfc648f3f3464,2,2,0,0,0,0,0.0,0.0,3224553196260.6743,0.0,0.0,504
0x03d813abfba88e76407d09ef92e05f164ac1a985,204,90,49,26,39,0,0.5306122448979592,0.0,7.262029538784622e+16,8920505233520776.0,8875742167282684.0,1000
0x03d84a077028f62e185c07ef4e881ec785e33d3f,2,1,1,0,0,0,0.0,0.0,111918143764.73717,11191814376.473717,0.0,502
0x03da374dfb5653720cb928feb440bf8503c12944,2,1,1,0,0,0,0.0,0.0,91363332690.00014,45681666689.35158,0.0,502
0x03da802c42126ad4348eb2c386f0a4653293fbf6,1,1,0,0,0,0,0.0,0.0,9.236937990152472e-05,0.0,0.0,502
0x03dac56ab6aedc2dd65a87abb0e387f4cce8d7f0,1,1,0,0,0,0,0.0,0.0,125525315784502.83,0.0,0.0,502
0x03dbe29551a5ffd8c8eadb1951e0f60d44ee45fa,1,1,0,0,0,0,0.0,0.0,0.09954580491139436,0.0,0.0,502
0x03dca0e82c9fd8876245ee54997dd4af73849fd2,6,1,0,0,5,0,0.0,0.0,25.185180674602993,0.0,0.0,502
0x03dda9a1e37e1be2585dfa97167ffe9e8078c836,5,1,2,2,0,0,1.0,0.0,508989600000000.56,595.959496279677,200.82409787950152,610
0x03dde38028cc5a59b8d85930ff8f5fabbd6e2dbe,13,4,4,3,2,0,0.75,0.0,8364599608374.93,5551804332422.198,2734548184276.746,1000
0x03de28456f987281df43137f0a281152be77aae4,1,1,0,0,0,0,0.0,0.0,1405226427236.8962,0.0,0.0,502
0x03dea457e4fde7b1a60c378f8fc033b3022a3776,1,1,0,0,0,0,0.0,0.0,1155353590207.433,0.0,0.0,502
0x03df1d103b69ddfc068913a7c554ed04cd6e0529,1,1,0,0,0,0,0.0,0.0,1.025861403316746,0.0,0.0,502
0x03df1de3f2b9c9113a431eabc78264a01a2c2d50,14,5,2,2,5,0,1.0,0.0,928002316059182.8,548731804279393.75,547208426927000.0,1000
0x03df75063e6b738f4e7e436eabb396d90189d07a,1,1,0,0,0,0,0.0,0.0,1.116222319207951,0.0,0.0,502
0x03dfcc1e559574c4e58bf1c9f8e785e4093c7fad,1,1,0,0,0,0,0.0,0.0,2199411435897.2544,0.0,0.0,502
0x03e03279f11cfca9f44bcfdb41d767af0e71a1a6,1,1,0,0,0,0,0.0,0.0,991834878.1650786,0.0,0.0,502
0x03e0419a8903edd0d07def92bb70a67b85ac9e07,3,3,0,0,0,0,0.0,0.0,5406561366055296.0,0.0,0.0,506
0x03e087630a227e4dfc5ac321d40098c7c12235de,2,2,0,0,0,0,0.0,0.0,2.1003490551774187,0.0,0.0,504
0x03e08a0f18c2b5edb385f4dfe2f5a2b525bc0878,4,1,1,1,1,0,1.0,0.0,7527948587931504.0,1997.233639133844,1997.233639133844,624
0x03e0f0bfcb1f5efaf9271e8270ead66139e27906,5,3,0,0,2,0,0.0,0.0,6612022580088.986,0.0,0.0,506
0x03e236ad091a944b04e0311d329161c2a15d6012,2,0,0,0,2,0,0.0,0.0,0.0,0.0,0.0,500
0x03e2c5ba88b9eb75a6f698864eebdee83f94b870,5,5,0,0,0,0,0.0,0.0,146795825388876.03,0.0,0.0,510
0x03e2c61111ce494af41e66432fa5e55f1e767ff6,2,2,0,0,0,0,0.0,0.0,2.1681504422522826,0.0,0.0,504
0x03e33fc1d842a745c18313d5bb6023ab34001ab1,1,1,0,0,0,0,0.0,0.0,1.0819900250777452,0.0,0.0,502
0x03e494ce05a440729ab5fef38d46a84406e54501,9,3,2,2,2,0,1.0,0.0,990933723611951.2,188356702706046.2,188356739208158.28,1000
0x03e4c2f13d937db549d35f606fc74a1034de362b,30,14,6,5,5,0,0.8333333333333334,0.0,9967764250256748.0,6903105434562115.0,7547676771272398.0,1000
0x03e63aa6633060b6a2b9501133e44ce9c3411af7,1,1,0,0,0,0,0.0,0.0,1031964233106.5264,0.0,0.0,502
0x03e6600a4e769da460ae567b936431590580b6d6,2,1,1,0,0,0,0.0,0.0,111918143764.73717,11191814376.473717,0.0,502
0x03e74a2771684a6efd616804ef186ab2f4db85c9,1,1,0,0,0,0,0.0,0.0,1.105902520641626,0.0,0.0,502
0x03e88cec58a29c52e27f0751bf47e52202c0a1e4,2,1,0,0,1,0,0.0,0.0,81.585254435059,0.0,0.0,502
0x03e94fea140cdef59f28a97e8a465cc2457c045f,24,8,9,3,2,2,0.3333333333333333,0.08333333333333333,5418633085632334.0,1095606529612429.2,237320914590081.0,1000
0x03e9775b691771c87eb92b00e4ef30a54b23ff4d,1,1,0,0,0,0,0.0,0.0,0.0010009519648031884,0.0,0.0,502
0x03e9a17304a1c1fe229965616b7dddcd96579a29,27,6,10,9,2,0,0.9,0.0,6.455367670938604e+16,3744546722840097.0,19436.785646491982,823
0x03ea93102dbd5cecf952b6715d591bf58b6a657b,7,1,3,2,1,0,0.6666666666666666,0.0,15443.789633960314,1.1340123093274754e+16,9997.630163732998,674
0x03eaa0e51a8017252367fefa7b1d28bdfde41b30,1,1,0,0,0,0,0.0,0.0,1322432843666.6628,0.0,0.0,502
0x03eb284b79b93e3e6813ea28c210d3a08a9eaff2,12,2,2,2,6,0,1.0,0.0,2001.4136101919244,1593.813271901013,1594.2806743424444,625
0x03eb2f2d7eeab4b9cbb59bd58cedbe2d30948562,75,31,21,18,5,0,0.8571428571428571,0.0,1.1216550398620002e+16,1011588718607358.8,374303830274645.44,1000
0x03ec48dd1ed16b6b413da809d917a2abfb039f19,1,1,0,0,0,0,0.0,0.0,1.106404133366466,0.0,0.0,502
0x03ec904145016da8c1eeeb95d816b39bc89b7882,2,2,0,0,0,0,0.0,0.0,0.9928872122765741,0.0,0.0,504
0x03ecd5763053a58a82827a9b0bb2f5199e82fee8,5,4,1,0,0,0,0.0,0.0,35947078650393.53,12.80794669510309,0.0,508
0x03ed2737bdcd5fff30c7a6d6ccdfb22f927aa3b6,1,1,0,0,0,0,0.0,0.0,1023500379419.0035,0.0,0.0,502
0x03ed358b4ea92c6ff41ebf5f0f8f22847b993d2f,138,115,9,7,7,0,0.7777777777777778,0.0,8974955306390262.0,3256.1378599476075,3260.419286553454,861
0x03ed48f46e34f439a295c91e5b84b76b460503f1,1,1,0,0,0,0,0.0,0.0,1.1095090134977794,0.0,0.0,502
0x03ed59ea7ee4270b74391777188e4800ec757f4f,1,1,0,0,0,0,0.0,0.0,318565.26295850927,0.0,0.0,502
0x03ed605452a6ac3a4bcf34d752a9965fa0f1f726,3,2,0,0,1,0,0.0,0.0,21.440960528537563,0.0,0.0,504
0x03ed8fc96cb7e825665b11c253370e16ebd04aa6,1,1,0,0,0,0,0.0,0.0,1.0563246862962363,0.0,0.0,502
0x03ee8da73fb9ac917e03348e5a498699e4a846eb,19,14,4,0,1,0,0.0,0.0,2316625153100427.0,998359228758377.5,0.0,528
0x03ef433cfeb13c0ed1242557fbdbd716478fddc4,20,6,2,4,8,0,2.0,0.0,424995752291676.4,267485224109622.25,206281394915443.94,1000
0x03f03037ea887b1adb81512920b126e2becb970c,2,2,0,0,0,0,0.0,0.0,1.1273078997118313,0.0,0.0,504
0x03f051a717418abd22fb4a086f2b600ae20c4f37,1,1,0,0,0,0,0.0,0.0,1.1336573469397964,0.0,0.0,502
0x03f16156ae491cd53474aa12d8c4d0a3ef906839,3,1,0,0,2,0,0.0,0.0,4926.978771309939,0.0,0.0,502
0x03f2b3ff6c8dd252556a0e15b60f9d1618dddf3b,4,3,0,0,1,0,0.0,0.0,2341068527709802.0,0.0,0.0,506
0x03f2c10fa31be77d666ee1e326e3a1178c425974,65,31,12,6,16,0,0.5,0.0,2185117622362520.8,21056.257106594465,21838.454074309546,848
0x03f44e563dd447449f48f8103b5df70aff7cf577,87,69,0,0,18,0,0.0,0.0,3813477268540102.5,0.0,0.0,638
0x03f48fd514cf27adcfe88de81b8efab7b6a5a354,2,2,0,0,0,0,0.0,0.0,90019214016686.5,0.0,0.0,504
0x03f4ac46922f745a7088e92df0a9b37f299e5614,23,9,7,2,5,0,0.2857142857142857,0.0,1.5037776950510614e+17,99699.20139886581,105269.80995780646,1000
0x03f5168a0395d5314e352199e4ef81e6efbcc6f8,2,2,0,0,0,0,0.0,0.0,2.699362500559375,0.0,0.0,504
0x03f59fa8a044288a6c3a2ec169ca9bcdf2900bb8,2,2,0,0,0,0,0.0,0.0,3551446513767.7686,0.0,0.0,504
0x03f5c2747f164d5ff2e52161190b077c7219070a,20,7,1,1,11,0,1.0,0.0,75911987097786.27,248526708750000.44,249662330538993.25,1000
0x03f8420b1754b086ed30543f071fbd8282c5fa84,48,12,16,17,3,0,1.0625,0.0,2535657484700248.0,503659720234607.6,502103124057533.75,1000
0x03f8d481becf0463bf1f201fecf4095503730267,2,1,1,0,0,0,0.0,0.0,713719273387.0009,167724038638.4908,0.0,502
0x03f90f638fc2c73e43008e66e11e554a8de746ae,3,1,1,0,0,1,0.0,0.3333333333333333,296150453280307.9,60.1083152157499,0.0,430
0x03f93793e6f54a78d3839febd2c80e2ac48f56f7,2,0,0,0,2,0,0.0,0.0,0.0,0.0,0.0,500
0x03f938f62fbe032d3197b4f74fa4c228de73088c,83,45,19,3,16,0,0.15789473684210525,0.0,6.952875621710919e+16,5.328156032847749e+16,27130.17299325073,886
0x03f9bb84628bd284686819a5ba7ab5c0193145e6,4,3,1,0,0,0,0.0,0.0,568261896918.3035,284130949712.48975,0.0,506
0x03fab311c59c739cb4fcceb55eb30c3f92c76e67,3,2,0,0,1,0,0.0,0.0,1028650399066.215,0.0,0.0,504
0x03fb85f237f9e6c5f5a79a61cb86d960494bc096,1,1,0,0,0,0,0.0,0.0,7939420701951.256,0.0,0.0,502
0x03fbf19bd2fa6b98ceb9108f5a15159d557f1acb,1,1,0,0,0,0,0.0,0.0,1751853242542.2544,0.0,0.0,502
0x03fd7415fdeac10d734542a755a7d7ac1c488ddf,3,0,0,0,3,0,0.0,0.0,0.0,0.0,0.0,500
0x03fde9f49e46f4b0518a26bfc8bd29569dbc40c2,11,0,1,5,5,0,5.0,0.0,0.0,801054571766042.2,1600656441143714.5,1000
0x03fe5965c7d96414e4b3d09642994c29552711b2,15,3,5,4,3,0,0.8,0.0,1257774590585832.8,508001935148343.06,436193610773340.44,1000
0x03fe5a59e119f650bac91327ef5da1a4245e1adb,1,1,0,0,0,0,0.0,0.0,1159994567539.1318,0.0,0.0,502
0x03fe76bddaabd0288b14fb9b9929922ad7159ee7,12,8,3,1,0,0,0.3333333333333333,0.0,2933677941617309.0,967345159555744.2,553.5787370640583,557
0x03fe94c26b4cb0f29d95e1f6c369e7a8b23ef93c,2,2,0,0,0,0,0.0,0.0,1.204979721407696,0.0,0.0,504
0x03fea6d1200151733eff25c94d9a9427b61736a6,4,0,0,0,4,0,0.0,0.0,0.0,0.0,0.0,500
0x03fef33df5b760df1bb3d4d5aedf69402b48cdc5,8,2,2,2,2,0,1.0,0.0,1261309616577021.0,158193279026403.25,155779793481212.0,1000
0x03ffb5f525be3ca2431cb97415c509566bc42b8a,1,1,0,0,0,0,0.0,0.0,219239365003.18265,0.0,0.0,502
0x0400083c67fd63db5f1ae087efd9583430b663cf,101,59,24,12,6,0,0.5,0.0,9.97176827381707e+16,211259525865512.7,17042.53101441217,874
0x040020bead45659c621ee4c6e8a8f326ca469693,11,2,1,1,7,0,1.0,0.0,2888867455958855.0,900766084570302.8,896913230185181.4,1000
0x04002cbd1cc19cb7cb1f819fc7ef410b59f8a22d,1,1,0,0,0,0,0.0,0.0,1.097816921913575,0.0,0.0,502
0x04007f94d19462042fd84e93fcec9a5b05cf5db6,5,1,1,2,0,1,2.0,0.2,1058999456220567.2,450.13946093987107,77.54108731019677,663
0x04008507db2ab8b2bf5410905d4b146ea8009c2f,1,1,0,0,0,0,0.0,0.0,1.1185446804875574,0.0,0.0,502
0x0400fa459b58b8c1d14e091548d6f2134b12149e,3,2,0,0,1,0,0.0,0.0,3446798925623195.0,0.0,0.0,504
0x04017f70e7299e9cbe9355780b0f7a261eccb163,1,1,0,0,0,0,0.0,0.0,1.102627459063883,0.0,0.0,502
0x0401ffb0487392af87f970add6a86cc6ae8bb2c4,4,2,0,0,2,0,0.0,0.0,20412.52036404244,0.0,0.0,504
0x0402f615b6aa30ece82c93396db6432d4974b1fb,4,1,1,1,1,0,1.0,0.0,101996623234575.62,20061155934211.79,20061155934211.79,1000
0x0402f94bc9a7e2ef2cb01be155ea111c7070607e,6,1,0,0,5,0,0.0,0.0,1187854837039.38,0.0,0.0,502
0x04051690556ba5b2362266e000baec4af64aab39,3,3,0,0,0,0,0.0,0.0,2147232981963.0679,0.0,0.0,506
0x0405c2898a3dee1ef160f0b5f97b0e1475f2024e,9,5,3,0,1,0,0.0,0.0,573506034010860.5,272899189318927.2,0.0,510
0x0405e13dc7a586cc2c371f531e90ae50cf49beec,88,42,13,14,19,0,1.0769230769230769,0.0,1.9468855457858515e+17,1.3689500861646154e+17,1.0157877916571818e+17,1000
0x0405ebbc9e52146fb123626c508b621975dd6645,2,2,0,0,0,0,0.0,0.0,9877224529.214767,0.0,0.0,504
0x04063f483786be70695cccd10ae7ef4c7f6224e3,26,7,7,3,9,0,0.42857142857142855,0.0,572975047693472.6,588407960267546.1,193061100962030.2,1000
0x0407836c37a664c39a5d664ad320f3835866599b,1,1,0,0,0,0,0.0,0.0,5546876297068105.0,0.0,0.0,502
0x040819d924238c97c81013bdf75ec99bbfd1498b,1,1,0,0,0,0,0.0,0.0,5.130808496886452,0.0,0.0,502
0x040887454f6f08dc089d8c5671df51da5057a4bd,123,68,33,9,12,1,0.2727272727272727,0.008130081300813009,719154604271848.1,142631969348820.22,91349500009441.84,1000
0x0408c8e4e0d9c052840655dbe768c743d4bd1f2b,4,1,1,1,1,0,1.0,0.0,7001196445617005.0,2357.6741182973724,2357.6741182973724,628
0x0409b96fbf7988e5d186a350c018acc48cbf59b2,61,27,20,4,10,0,0.2,0.0,3161120573566454.0,1818399099552050.5,50069022730699.59,1000
0x0409ba23f21c66fe37f3e4ed3db81417f0185ba9,1,1,0,0,0,0,0.0,0.0,1.1114082454715242,0.0,0.0,502
0x040b97d0bb1de0b75b3a55b7307288df69817cd2,1,0,0,0,1,0,0.0,0.0,0.0,0.0,0.0,500
0x040be472268e720f945eb95a0e71445a0f07aa3f,3,3,0,0,0,0,0.0,0.0,3.040239110688106,0.0,0.0,506
0x040c1749900642febd1cec7955633923ac1d8666,53,22,8,4,19,0,0.5,0.0,2419236366264731.0,2398.579506101705,1813.5922049114895,624
0x040c2b92511c6de1be3e47d67038c2a49ea6fef2,3,2,1,0,0,0,0.0,0.0,3233477703.2760286,402887188.669647,0.0,504
0x040c67d6c0f2e7035e4b39d2ffbcce1741b697ae,2,1,1,0,0,0,0.0,0.0,21269906014.520947,4544851712.504476,0.0,502
0x040c90a431d22d89b40cf822d9e49726192e96aa,1,1,0,0,0,0,0.0,0.0,1.0295749248345,0.0,0.0,502
0x040cc4bff13c6baecc8f49d56b10012e2715fb0c,30,9,7,5,9,0,0.7142857142857143,0.0,1.132099823466117e+16,9965477644732708.0,9965484631953094.0,1000
0x040cfafb31e58ae30572b2ac101bb08db102d100,1,1,0,0,0,0,0.0,0.0,15.009403176000001,0.0,0.0,502
0x040d6031a5e6526bdbe579b8e3083bb6ff596920,5,2,0,0,3,0,0.0,0.0,234.09688952997877,0.0,0.0,504
0x040da40b0e3b28a2c289e3891e193a52982cddc0,16,13,0,0,3,0,0.0,0.0,447163209136376.75,0.0,0.0,526
0x040df4fd17862caf41045d1c7e7ca420322617d4,172,50,63,52,7,0,0.8253968253968254,0.0,3.7096114820816544e+17,1.2720105098546842e+18,8.693154719524175e+17,1000
0x040e07a1623f39d6161be7337a8810328e79b97a,9,3,2,2,2,0,1.0,0.0,111502116000080.02,80.01654761037035,39.97376380300313,612
0x040e103f9f502881ffddc3594dae2687714cb602,2,1,0,0,1,0,0.0,0.0,10801.212119765998,0.0,0.0,502
0x040fa9bbed1f3cbae34ec655f9c49e25532cab72,77,34,17,8,18,0,0.47058823529411764,0.0,7082842642893069.0,2744.459858291741,137.78236975049936,640
0x041006fc4216131cf29155827687a853583b7175,1,1,0,0,0,0,0.0,0.0,1710416611240.5325,0.0,0.0,502
0x041065dc6b855ba2a436c564ab0c9fa62a9803b7,2,1,1,0,0,0,0.0,0.0,19.937658843340053,7461600000000.009,0.0,502
0x0410969668905820f97a193a62400692b7f792cb,3,2,0,0,1,0,0.0,0.0,1173468348944.2039,0.0,0.0,504
0x041126e47a90d0c19919a140e9c421076a762f77,1,1,0,0,0,0,0.0,0.0,1.1138817001495973,0.0,0.0,502
0x041143d6d24b8284ec22182f23b7f46b291993bd,2,1,0,0,1,0,0.0,0.0,119.27724677912916,0.0,0.0,502
0x0411731be3b7cba409ede437472b75004353d81a,1,1,0,0,0,0,0.0,0.0,0.0007924549066889648,0.0,0.0,502
0x0411c92f02c35dcf4ce18dd23b314e0fb5e5119f,3,2,1,0,0,0,0.0,0.0,1132908000001.01,1005557873173.2666,0.0,504
0x0411e650dff0c6680c9e147f2413e0480718aa27,3,0,0,0,3,0,0.0,0.0,0.0,0.0,0.0,500
0x041272acd1e47bf948be68d37be37a95c698c75d,1,1,0,0,0,0,0.0,0.0,144961369604.73337,0.0,0.0,502
0x04134352a8ec8229ecf1dc81edee8ede5d8b5270,1,1,0,0,0,0,0.0,0.0,1.130727351458457,0.0,0.0,502
0x0413813b47562aadb9228778eaaa78f0c5f3e584,1,1,0,0,0,0,0.0,0.0,181140778158.2789,0.0,0.0,502
0x0413d2c3e315749b7f3277fce702e1b4c7bca05a,2,2,0,0,0,0,0.0,0.0,2.259609878203448,0.0,0.0,504
0x0413d439285764e6469c06af90a2dcdc68a0ffca,1,0,0,0,1,0,0.0,0.0,0.0,0.0,0.0,500
0x04141280b93967bd4bca7f18de60bb1305609526,1,1,0,0,0,0,0.0,0.0,1.6339128296121,0.0,0.0,502
0x041461ca50137f4c93e312883eb9d6aa39fad454,1,1,0,0,0,0,0.0,0.0,3037493578034.266,0.0,0.0,502
0x04154fcfbb3dad4e2f3096e5b8952cd601e53c02,2,1,1,0,0,0,0.0,0.0,32729696308.800133,4785043320.000019,0.0,502
0x041596ce81fc702436a302f4963181ec2ab3b7dc,1,1,0,0,0,0,0.0,0.0,1.7685944490264776,0.0,0.0,502
0x0415a37766ef8a945c1a38dd839c8b1f4feaecaa,649,234,160,117,138,0,0.73125,0.0,4.0475821913924064e+17,2.7113600254151203e+17,2.074177727318387e+16,1000
0x04164fbde8054cfa924a7ac4c7c4bbc33e605703,1,1,0,0,0,0,0.0,0.0,1.0376674856444341,0.0,0.0,502
0x0416889106cb47a1cc0c3cc37d064f2d2af8d124,3,2,0,0,1,0,0.0,0.0,1121990820336043.5,0.0,0.0,504
0x0416aa2837f812cbd6432c4b4b024bccba7a15b7,1,1,0,0,0,0,0.0,0.0,1.0146943868398528,0.0,0.0,502
0x0416c2fe328fff0fd6039554c75c3d3fb2db94c4,6,1,2,3,0,0,1.5,0.0,2.8617575146362532e+16,30015.013925870153,16012.221750140989,821
0x0417b1639b07f21535494bef99e086c785675d5f,4,4,0,0,0,0,0.0,0.0,5026599067248.865,0.0,0.0,508
0x0417beec20510b679ec207a0ee12720ee924b772,15,6,8,1,0,0,0.125,0.0,2427092707814110.5,397198118071113.6,500.6459016000001,532
0x04181dfff000bfc513a53fec55cba4e71b855b1d,1,1,0,0,0,0,0.0,0.0,1.024457347707057,0.0,0.0,502
0x0418936e04d12847b8ff2a732c382fc8fb78e7d0,4,1,1,1,1,0,1.0,0.0,6595143597548601.0,2014.6175354488353,2014.6175354488353,625
0x0419395ef65947b74ad9ccd1a9753251e72e411b,1,1,0,0,0,0,0.0,0.0,5.070849601952742,0.0,0.0,502
0x0419817d801bdd1e8ca7d197466b221de7f562a1,1,1,0,0,0,0,0.0,0.0,3082873540800.004,0.0,0.0,502
0x041984e127a4cfee89a7e4e82464de4b7eb3d2a8,5,4,0,0,1,0,0.0,0.0,20790407099933.2,0.0,0.0,508
0x041a89f3b7ad2eecbfd280a4ec567ed88bd67f49,7,3,2,2,0,0,1.0,0.0,456848191353280.0,114.75885402788796,115.45241664960287,613
0x041ae646d4c7bf8901808f1587464e0809567c77,4,2,0,0,2,0,0.0,0.0,1.0491776638461066e+16,0.0,0.0,504
0x041b26d91b8522a00d1c2a484c397a612c82fc3a,39,29,7,1,2,0,0.14285714285714285,0.0,5.191732972402654e+16,90747.68114688146,30366.888632393828,878
0x041c1da51f0116d6cf81139aaa52ac0c119ae8f5,1,1,0,0,0,0,0.0,0.0,1335957722929.9995,0.0,0.0,502
0x041c2b12b643aff71468172aff2c409624d95921,130,43,29,25,32,1,0.8620689655172413,0.007692307692307693,551041699136070.4,257042183337445.12,191147215866947.3,1000
0x041ce53ec91c31abe748169be86f4268de4c7bea,3,1,1,0,1,0,0.0,0.0,562702215411639.2,320.12015645262613,0.0,502
0x041d2d8af79a4cb0eacb2178c3981737d54b09df,1,1,0,0,0,0,0.0,0.0,0.01366861314835802,0.0,0.0,502
0x041df04f972ae342ebf9d9723f7c497f4adbd798,5,3,1,0,1,0,0.0,0.0,259620034362250.2,74.97327603251989,0.0,506
0x041e5962fc32eba702eaac10ff12c09ed2e1df07,1,1,0,0,0,0,0.0,0.0,480477606539.2607,0.0,0.0,502
0x041f06e78104289331f5ea6633525c892612ceab,2,1,0,0,1,0,0.0,0.0,163382754822370.1,0.0,0.0,502
0x041fa6a56cc203b210dbad9ee45dc08c1f88aba3,1,1,0,0,0,0,0.0,0.0,10.133026140711664,0.0,0.0,502
0x042011bb6babb6998d2f97c2e07a50e9394d2f4e,3,2,1,0,0,0,0.0,0.0,17797900975.934,0.0009999041376000006,0.0,504
0x04201b338004ce6ff88d230706f4ed567a3e0b39,1,1,0,0,0,0,0.0,0.0,5893438351274.589,0.0,0.0,502
0x0421267a711db1c6b8f9fa72f3dda8d4df1f6bad,6,2,2,2,0,0,1.0,0.0,2737610168335710.5,1091189609443832.0,1094096063345034.9,1000
0x0421f931c8d9c4a2fedf29771cf9d9102dfb3857,1,1,0,0,0,0,0.0,0.0,1.7222243828560453,0.0,0.0,502
0x0421fa1f9f228934332cc11de6f66497f43fb734,72,53,2,2,15,0,1.0,0.0,489514357704251.1,79.03135354234286,79.07207455069184,712
0x0423422bf2e02ac5c5bff7bb34463b9dc372946c,2,2,0,0,0,0,0.0,0.0,2.197506991895484,0.0,0.0,504
0x0423d92d98a4b1696b9329e5a39daf0772040497,2,1,1,0,0,0,0.0,0.0,17336832622.200027,3768876657.0000057,0.0,502
0x04243edabb0bea3ed3ab4ffb424fe76f05899cbc,5,2,2,1,0,0,0.5,0.0,21622077015409.62,16061859526429.48,15391877702017.521,1000
0x04248766ec3274d8f58afe1fae37be19999536aa,1,1,0,0,0,0,0.0,0.0,1031437706575.198,0.0,0.0,502
0x0424e3bfffc7d7cd2cc06265c49497c695ae8175,2,1,0,0,1,0,0.0,0.0,1.000200655753678,0.0,0.0,502
0x0425cc2a2750fa8042700973e776774a6f639e96,16,6,3,3,4,0,1.0,0.0,349756820002396.4,240457813751996.88,240457910680622.66,1000
0x04261f3a4f4e244b80ed7e3d8b7ff28abd6c4dc9,50,18,11,10,11,0,0.9090909090909091,0.0,1638343631291039.0,1296732538377682.0,1299748292425042.2,1000
0x0426266cf573388100183343b6e26b8bf5e4fdbb,193,25,29,114,25,0,3.9310344827586206,0.0,4.3446631103947174e+17,1.3301985528266877e+18,3.4179150836586246e+17,1000
0x0426dcf6a95b311d626cf5ed3b0bef3de791a160,2,2,0,0,0,0,0.0,0.0,3216495635069.1494,0.0,0.0,504
0x0428305a45309c9f296a6cce4bc9550af727a324,12,5,2,2,3,0,1.0,0.0,2396751721453639.5,1898381936679673.2,1891833638721354.5,1000
0x04288d0b8bc6298a7cc26f367f42932d71c79d9a,33,11,9,0,2,11,0.0,0.3333333333333333,6008459177122740.0,417002341455346.56,0.0,400
0x0428be07db700e3b25addff63567584a3b15fdcc,1,1,0,0,0,0,0.0,0.0,1.7081331753709257,0.0,0.0,502
0x04295ab7186c2cffba238bb7291b3984e0d181bd,2,2,0,0,0,0,0.0,0.0,10922028146946.184,0.0,0.0,504
0x0429e9a1931ae77fe39b6c17d7660382c85d28f2,1,1,0,0,0,0,0.0,0.0,1.1337769523993089,0.0,0.0,502
0x042a135bd342910ad7f67bbda74e3fd4125d1272,2,2,0,0,0,0,0.0,0.0,2240909729355474.8,0.0,0.0,504
0x042a154ede61e25b4220cbc83e76c79f8c0d3926,66,30,13,13,10,0,1.0,0.0,1.8955850135472918e+17,90197.98214399385,90111.61562938486,1000
0x042a1ccde458f357618d8687b4fb99fa10775599,206,71,32,35,68,0,1.09375,0.0,9.446707063101523e+16,5.720569062263362e+16,5.478597552945291e+16,1000
0x042a2831f11d0366090da32bfcf16befe6473947,2,1,0,0,1,0,0.0,0.0,980.1410206851098,0.0,0.0,502
0x042a62b83529ba7bdbfd79c96804f9a36ae04c4c,43,20,12,5,5,1,0.4166666666666667,0.023255813953488372,102627513558646.1,165352292542180.2,99519512281279.73,1000
0x042b12e77388ca4f9c773b49efe98115b9c5839e,1,1,0,0,0,0,0.0,0.0,176954916152.9797,0.0,0.0,502
0x042b2a2eb841b7166504fdb1617244724176eb91,48,48,0,0,0,0,0.0,0.0,250585845.8803742,0.0,0.0,596
0x042b66aa933ef8b395ac2e77498bc61215146a02,2,2,0,0,0,0,0.0,0.0,2.088000058764412,0.0,0.0,504
0x042b79eced8518e0357d790d4363ebb6fbfb1eb2,2,2,0,0,0,0,0.0,0.0,1.2666413789532674e+17,0.0,0.0,504
0x042ca8981305042407c7d27bafc373c005b8790e,1,1,0,0,0,0,0.0,0.0,143933976210.0724,0.0,0.0,502
0x042cec428c52f9ef51b34d9576a2790d83ed1d0d,5,0,0,0,5,0,0.0,0.0,0.0,0.0,0.0,500
0x042d60e7dc84756d93faa21a30aa8deff13fbae9,1,1,0,0,0,0,0.0,0.0,118074830449501.6,0.0,0.0,502
0x042d9ebf0e126b29824fffeb4fc4ba5393ce1975,3,3,0,0,0,0,0.0,0.0,4.733708140576366,0.0,0.0,506
0x042e091145d2e0f6273bb1e4a88f1f194dd97071,15,10,5,0,0,0,0.0,0.0,143896844511503.16,49.92756653271246,0.0,520
0x042e43e600a23d5fd706abb79b823e3da629fe5f,1,1,0,0,0,0,0.0,0.0,1.1014191437632255,0.0,0.0,502
0x042e90603954c56a8438dedaf9efb70db4cd44cf,1,1,0,0,0,0,0.0,0.0,7997785884.000012,0.0,0.0,502
0x043010c2d1e2a00abce741e5b2c5db778088380a,1,1,0,0,0,0,0.0,0.0,0.19898152258682175,0.0,0.0,502
0x0430605323465e26dc21fbaaa9a1a4be6ae9d496,323,220,15,84,4,0,5.6,0.0,1.3813614138688312e+16,6057.500625958631,2142.936956388428,1000
0x0430b536135751ba80f45550007be68c6fe3db92,2,1,1,0,0,0,0.0,0.0,108585346683.75854,54292704684.054565,0.0,502
0x043110e9869de4eeea4b911c030cdccadc743025,1,1,0,0,0,0,0.0,0.0,1.0975396719139034,0.0,0.0,502
0x04314576237b5ac44eeda1f6c66b1d171782bdc2,5,3,0,0,2,0,0.0,0.0,126235862989830.64,0.0,0.0,506
0x04323ff183af0dabfbd51ab6a4fbf8cb7842ede2,1,1,0,0,0,0,0.0,0.0,631.1534326949272,0.0,0.0,502
0x0432f117921e840beeba036ce8e501578e12b711,2,1,0,0,1,0,0.0,0.0,9074.433801394318,0.0,0.0,502
0x0433fa8caf0419698f7e06ce99a917bfdf24274a,2,1,1,0,0,0,0.0,0.0,111918143764.73717,11191814376.473717,0.0,502
0x0434ec40799b578a132919fe319d18aae6415c27,2,2,0,0,0,0,0.0,0.0,33038397544257.12,0.0,0.0,504
0x04359cc145a3f8b1865959d4e904c8b4c15fb29a,2,1,1,0,0,0,0.0,0.0,97073252966.26477,0.03203252680925421,0.0,502
0x04371e418fcc889954ab64a59235eadeb033eee3,6,5,1,0,0,0,0.0,0.0,2875727485258190.5,603.5861868358149,0.0,510
0x043796319db3b8601013477f9473064f22df527c,4,0,0,0,4,0,0.0,0.0,0.0,0.0,0.0,500
0x04379cffc95575cff92a5884863a26600c0f3ddb,12,3,2,2,0,5,1.0,0.4166666666666667,402753381717603.8,50268812387478.83,6390670494120.868,1000
0x0437e05b9fce3041a050ceafdea0b7b88af05cd9,1,1,0,0,0,0,0.0,0.0,195766963827.8252,0.0,0.0,502
0x0437e5aaa2dbdf6fda5802e7fdeb52d888d1eb4a,1,1,0,0,0,0,0.0,0.0,1.1053036591632166,0.0,0.0,502
0x04381813e17b6198435cdb83712d11d0eabd3217,21,11,3,3,4,0,1.0,0.0,510621761319931.94,11000.69793126266,11080.310556528444,741
0x04386ac720b8204c01bd23497f4a63e2b209259a,7,5,2,0,0,0,0.0,0.0,223836290.57324144,25363138.862422116,0.0,510
0x043a2e8b8f91d44821d8ebb0e29e83ba3b597d63,3,2,1,0,0,0,0.0,0.0,1021099826484165.6,268269276601740.66,0.0,504
0x043a7a9f331b701828842bac0ee760ea984cf1fd,2,1,0,0,1,0,0.0,0.0,7422608304555364.0,0.0,0.0,502
0x043abfff63616d247b9247765b89f6c5b5fd94eb,9,6,2,0,1,0,0.0,0.0,57964632435440.12,25131581630492.305,0.0,512
0x043b2116f729e188668810d8ae0f86eb1152ae4f,7,3,3,1,0,0,0.3333333333333333,0.0,7480420550235288.0,1800852058210167.8,799.7276962242568,550
0x043b2c863b8dab9f264ceee9d8d2cb8b9f7c66e1,7,3,2,0,0,2,0.0,0.2857142857142857,7409675313255614.0,3695.7224911760995,0.0,438
0x043b3756dd9fe0dbd1bb5d4765fd1686dedf806a,1,1,0,0,0,0,0.0,0.0,0.99923672259822,0.0,0.0,502
0x043bd112d6db10daa0f15a255697d0b88e3daf43,17,9,3,2,3,0,0.6666666666666666,0.0,59949020611436.44,15803749961565.463,15.761789917098344,590
0x043bd8f57401e46a5da19545ffb50370202cc179,1,1,0,0,0,0,0.0,0.0,0.01145981272873381,0.0,0.0,502
0x043be978300c684c8f691e086414155d5f9d6f2e,4,1,1,1,1,0,1.0,0.0,1507242690627980.0,600206047374505.4,600206047374505.4,1000
0x043be9f76411e021f3aca8b45db64b0c36075a0d,195,101,45,11,38,0,0.24444444444444444,0.0,1.782107478456457e+16,4332999663358648.0,4171017631905596.0,1000
0x043c3bc6cb627217996f6fd26a87f4617e553a9d,1,1,0,0,0,0,0.0,0.0,162790445846.13394,0.0,0.0,502
0x043cd50151186c39813dc404529112be03503a80,2,2,0,0,0,0,0.0,0.0,1347435409406990.5,0.0,0.0,504
0x043e470cbaa1d9738b673ef66ea20d19da8a7f51,1,1,0,0,0,0,0.0,0.0,83329094083468.42,0.0,0.0,502
0x043e9f48de29b4475b3088a69c6ae456cc8d94c1,1,1,0,0,0,0,0.0,0.0,813575386960415.1,0.0,0.0,502
0x043ea03b7942df22cea8227ed359eeb040acfaaa,1,1,0,0,0,0,0.0,0.0,1.0384449923563004,0.0,0.0,502
0x043fdabff38a1e9897f2f5a860b8b88f9a0a9f24,159,77,13,69,0,0,5.3076923076923075,0.0,5173978109625901.0,4047.870809456412,2629.314779278718,1000
0x044009974d4a8ce81dd4b46a5ca98a772ed185a6,3,2,1,0,0,0,0.0,0.0,2853280375.520052,71292173.71304426,0.0,504
0x044015adf61f596f820872845313e2efbbaee4b9,2,2,0,0,0,0,0.0,0.0,2030203246047.3926,0.0,0.0,504
0x04426a58fdd02eb166b7c1a84ef390c4987ae1e0,93,17,31,9,19,17,0.2903225806451613,0.1827956989247312,1.4979631368378864e+16,3313269415569171.5,342857370120575.8,1000
0x0443d542c2a4eda89af20a9d7315596f8240e48a,3,1,2,0,0,0,0.0,0.0,5845517451619059.0,2498715007500005.0,0.0,502
0x04448987b1f40dfd2ca70eeeb323ba710c5768f6,22,15,7,0,0,0,0.0,0.0,5458944076216434.0,4352.334839299411,0.0,530
0x04469b770821cec9cc3a1e8dc92e4635faf9bca6,8,2,2,4,0,0,2.0,0.0,114462652659798.03,60927975023772.43,63749817215102.484,1000
0x04487b8a3e6aff2f2ff62c718de9198d51af7680,1,1,0,0,0,0,0.0,0.0,180557950026.65143,0.0,0.0,502
0x04488eb67ce58d792983ff37f3c625a204323281,2,2,0,0,0,0,0.0,0.0,2.6668016439479763,0.0,0.0,504
0x044a9157c17119eb476f564da8a9b03dfe5ac7f1,9,2,3,4,0,0,1.3333333333333333,0.0,1673489.9039932536,417226.2761001169,397996.5338460376,1000
0x044a9c43e95aa9fd28eea25131a62b602d304f1f,27,14,9,3,1,0,0.3333333333333333,0.0,8.134814263818877e+16,2421005563707777.5,18097.78639579536,751
0x044c53d8576d4d700e6327c954f88388ee03b8db,2,1,0,0,1,0,0.0,0.0,160104.1722354527,0.0,0.0,502
0x044c9a9b81b28f344ee80db712af9ee6f1bc65d5,9,1,1,1,6,0,1.0,0.0,996.4470778527161,600093558391631.0,603647030428342.2,1000
0x044f1646303ed25521cbdae0f37ca2b65d898281,1,1,0,0,0,0,0.0,0.0,1.1132329847793652,0.0,0.0,502
0x044f4923a8251bf87281455eb95d030054771498,1,1,0,0,0,0,0.0,0.0,67189198993297.37,0.0,0.0,502
0x0450054af2245d1799292e4fc6c9da720822b417,6,4,2,0,0,0,0.0,0.0,192.5059395705163,76.87502101160197,0.0,508
0x045038d82b5c27b5c992994cd4129aa80fd1a20c,22,7,7,3,5,0,0.42857142857142855,0.0,5829609467918204.0,4737703679507129.0,175970.53662845632,1000
0x0450c0df7db64b4793b9847384ab3b95dd7983d8,1,1,0,0,0,0,0.0,0.0,1063666850599.5822,0.0,0.0,502
0x0450d81146ae1eb15d886b0a35673dbb9e74be19,4,1,1,1,1,0,1.0,0.0,3210525331200003.5,702540558720000.8,702540558720000.8,1000
0x04518072ea655451b801dfa3c1c2f4277dc5ba62,6,4,0,0,2,0,0.0,0.0,95284518.8688042,0.0,0.0,508
0x0451864cdd0cb179893eb91057da7746b5b1973b,12,8,2,2,0,0,1.0,0.0,4091260708826902.0,757.3205031995643,761.4015912039304,629
0x04526ea5982ca846bc7e4f87a1842f92e20d8995,1,1,0,0,0,0,0.0,0.0,187634346988.53885,0.0,0.0,502
0x0452d528c990273208cd331b2c14de884354ea5b,4,1,1,1,1,0,1.0,0.0,7071705303952511.0,2045.333043792003,2045.333043792003,625
0x04537c1eeaa19e1b8692c81ff68e9d403d0396ab,62,26,10,6,20,0,0.6,0.0,1.3879873892250018e+16,3396.8759670423583,3397.6936099444865,663
0x04537ca12d92128f89716947a3fec9a2eb5b93a5,6,6,0,0,0,0,0.0,0.0,4099643957215305.0,0.0,0.0,512
0x045407d52663df08276eaa6fd367f8608f76ddf8,1,0,0,0,1,0,0.0,0.0,0.0,0.0,0.0,500
0x04541945d4d64141a70d355c6775173323551724,23,8,4,6,5,0,1.5,0.0,7548156522039078.0,1494708516508032.8,975940838317988.9,1000
0x0454b9c61747aa42a5c771f1ed9a665f6fe82917,4,3,0,0,1,0,0.0,0.0,1533305432551.07,0.0,0.0,506
0x04559672afdfbd152670d2f1f3f7d07cc3115089,2,2,0,0,0,0,0.0,0.0,2.259609878203448,0.0,0.0,504
0x04566bf9d24761ad1c8b9505bc801081a8159d64,2,2,0,0,0,0,0.0,0.0,2.1574354545537746,0.0,0.0,504
0x04566e55bd811bf6e3e164a3ebe49cbc85369bcb,5,0,1,1,3,0,1.0,0.0,0.0,1103133836275460.0,1103134268892716.8,1000
0x04569a1012ee1dd1573763dc024a99ef43db417f,1,1,0,0,0,0,0.0,0.0,12432121394.827387,0.0,0.0,502
0x0456b014da02c47c722742426192f8a0f4114923,3,2,1,0,0,0,0.0,0.0,1.5258770139011029,0.5036885832111353,0.0,504
0x045751c6c2dc89cb7d5976649eb63de2b2d77f5b,461,155,101,84,121,0,0.8316831683168316,0.0,1.9512071691997322e+18,3.922494613599371e+17,3.9574098501884454e+17,1000
0x04581b79bf2fac9ed93b41b8023271ecb86b6857,9,6,1,0,2,0,0.0,0.0,4162263.8976484933,13425.771793184213,0.0,512
0x04588a77213469798beb197fdff9075fb4cef6b3,2,1,0,0,1,0,0.0,0.0,1047.7320644650458,0.0,0.0,502
0x045896a702263b77d8ebabd6c51e826f0f3ebe39,18,5,4,4,5,0,1.0,0.0,19872.20448091811,13933.076849690073,14021.324807964495,762
0x0459dda9eb7062e6fdca6293a4c363722fca6102,11,0,0,0,11,0,0.0,0.0,0.0,0.0,0.0,500
0x045a225d46de1f8fb90559cce505ca11d8a8c354,1,1,0,0,0,0,0.0,0.0,98890877.52453363,0.0,0.0,502
0x045a41a9d9cb0fc81cfe1e8f486e5c53a3b3ce8b,79,30,16,15,15,3,0.9375,0.0379746835443038,1181855894246014.0,69674623906914.65,525.9404300033948,681
0x045a4fb9af81b5c09b519ec40e35d45314a556dd,1,1,0,0,0,0,0.0,0.0,1312298500484.2651,0.0,0.0,502
0x045a6e99eaeb27069d2803ab28f2598cd03f016e,1,0,0,0,1,0,0.0,0.0,0.0,0.0,0.0,500
0x045a7405a16dc5591c263795f227032893ba76f5,1,1,0,0,0,0,0.0,0.0,203443612992.91522,0.0,0.0,502
0x045b0d7cd8e143619bd67623cf7129e1980fb492,146,139,0,0,7,0,0.0,0.0,2823.033258467373,0.0,0.0,778
0x045bedc7e03b75fcc818d423b3ef90c2f0ab8939,1,1,0,0,0,0,0.0,0.0,184529567055.29593,0.0,0.0,502
0x045c7ea70b3faec4b39b6f0c91e12cfd026acbfd,1,1,0,0,0,0,0.0,0.0,1576122472605.6394,0.0,0.0,502
0x045dc9517d18e8f968f979bde60d2efacaf4d656,1,1,0,0,0,0,0.0,0.0,2182353344197528.0,0.0,0.0,502
0x045e2a9db6ca319f6b667813c6088067eb52851e,224,77,59,37,51,0,0.6271186440677966,0.0,2.0325511205042598e+18,2041644.4907003352,2032260.6223050712,1000
0x045ef516ff36cbb58ae3714a2bcd244d31695d91,4,1,1,1,1,0,1.0,0.0,3095611032312001.5,721185000000000.5,721185000000000.5,1000
0x045fbe9cadc98c9d8935e3788303ab70328960a0,14,10,3,0,1,0,0.0,0.0,630150594999898.1,8350486885716.781,0.0,520
0x045fd671c4d7da33629475def9ababecc339c020,23,9,3,4,7,0,1.3333333333333333,0.0,255050902411346.3,502.96021522581276,506.71869083860776,668
0x0461c15ca570db9f53f6d5ccace97d0c8a70e5b5,2,2,0,0,0,0,0.0,0.0,2023798017389.0322,0.0,0.0,504
0x0461fcc541d33ec0b3b7a7a0512c181ce2af6e65,1,1,0,0,0,0,0.0,0.0,1635295074266.917,0.0,0.0,502
0x0462096a2631fa4974713f0c0e29b43b510f6570,1,1,0,0,0,0,0.0,0.0,1.048999938504373,0.0,0.0,502
0x04621637c3a72db27d6f1fc1352480fd4d1e7b06,1,1,0,0,0,0,0.0,0.0,0.07936208611409178,0.0,0.0,502
0x0462d63693c30e73e3646ade6f0aa44ea307832a,1,1,0,0,0,0,0.0,0.0,120098802.00000022,0.0,0.0,502
0x04631f939c69d8660c648b56b6e10595f0255b10,1,1,0,0,0,0,0.0,0.0,0.049876382772495724,0.0,0.0,502
0x0463a70679a6afea907a90c84d732123c7311710,1,1,0,0,0,0,0.0,0.0,1021323906304.9271,0.0,0.0,502
0x0464349e7012a83c965d672e9eca3896a1260624,346,190,48,38,69,1,0.7916666666666666,0.002890173410404624,1.4942301435007814e+17,134269678579124.16,133903701064034.23,1000
0x0464a891a517c2be0bca86470b74babc985e9141,2,1,1,0,0,0,0.0,0.0,1467065174.9089885,277510246.4820449,0.0,502
0x0464e9d70f1b21ecdf741ed3dba1de6d877d1b48,9,5,2,1,1,0,0.5,0.0,1790317077832719.0,1158240158926398.5,716268473293945.0,1000
0x0464fb56ddf5dfc14b13d3b9c064f8732cbe012a,10,4,2,2,2,0,1.0,0.0,2301.8260656571456,1801.5229279406353,1795.7482161129694,631
0x0465130e29be525707f2e38726e1465d632efbbf,6,2,1,2,1,0,2.0,0.0,214693593401460.56,107.34680081140412,107.14534919232358,711
0x0466354046c9f28cb0a6d9648c2b41609d24e050,1,1,0,0,0,0,0.0,0.0,188336973274.63428,0.0,0.0,502
0x0466c8e551c53ea1d554ea1dbfd32f154ab7f089,1,1,0,0,0,0,0.0,0.0,145004270722302.47,0.0,0.0,502
0x0466e01f9edb0fe882be01b0693f4daf107fc151,9,5,4,0,0,0,0.0,0.0,1.3996969948707788e+16,3982618776245368.5,0.0,510
0x0467016de27a199a3372f3f9a71700ae09e515e8,1,1,0,0,0,0,0.0,0.0,1.0092680591245935,0.0,0.0,502
0x0467122af0dd7d599f27e801b8145084b71b1806,2,1,0,0,1,0,0.0,0.0,1143.6457095000007,0.0,0.0,502
0x0467661949ee9b85e78c5798731b2204e0ba2974,25,11,5,3,6,0,0.6,0.0,2.3686359845589644e+16,1.8674318297327304e+16,1.8696850751780096e+16,1000
0x046773a7aa676523f981676b67e9f01719ca9eb3,499,147,187,99,66,0,0.5294117647058824,0.0,7.139700144679983e+16,1.1057442661325898e+17,1.7663410549998148e+16,1000
0x0468222405c1f78f80035c7a87254df9bb2a9381,4,2,2,0,0,0,0.0,0.0,1.0711221628231369e+18,604295.8947520219,0.0,504
0x04688b862e4343986ab317fcbba865dfab1a4bb3,1,1,0,0,0,0,0.0,0.0,1.1085454206001681,0.0,0.0,502
0x0468c74ae65de29f1bc104d97560ae26ae7069fe,1,1,0,0,0,0,0.0,0.0,77894771862774.53,0.0,0.0,502
0x04697ab4b870d72ede8040dccb9186a58d16161c,2,2,0,0,0,0,0.0,0.0,9771186502.805653,0.0,0.0,504
0x046990dba8e405d8e195db1038b792279c56d7b6,1,1,0,0,0,0,0.0,0.0,1060277795218.5822,0.0,0.0,502
0x046a09854fd98fb21fbe7d6cbf58153b55a39669,5,2,2,1,0,0,0.5,0.0,2322515229596673.5,695878677345467.2,702.2970454612545,564
0x046a5a52eb9cd49f80fe73542e46dc675ae6cb0e,1,1,0,0,0,0,0.0,0.0,2003277893125.2473,0.0,0.0,502
0x046a5d95317dbc2ae8ed4a0c370b9183d161a14a,4,1,1,1,1,0,1.0,0.0,4391009611122009.5,1822033200000004.0,1822033200000004.0,1000
0x046ae0974283a9acf5cb4228a93d000c6d0ffd76,281,98,62,59,62,0,0.9516129032258065,0.0,1131204790762643.8,760758834847029.2,463187685249510.1,1000
0x046afddbc4e4fe503ddd2b952f7d849d1270ab3f,35,11,6,6,12,0,1.0,0.0,833666202488188.2,1895.2388263423827,1891.026670671983,658
0x046b8f645b2a09f9527f191fbcb6491094668a45,86,27,17,17,25,0,1.0,0.0,1.1978953534157608e+17,6.916043184114331e+16,6.68651029310933e+16,1000
0x046b9d060f49400b6a6f1210ef191b019cce9030,27,9,7,5,6,0,0.7142857142857143,0.0,6101057768222749.0,6818.183712507054,4894.5985853248785,653
0x046bbe099cfa0b6cc71d59d6e4cd38c5d0eef71b,1,1,0,0,0,0,0.0,0.0,538922842084266.25,0.0,0.0,502
0x046bdeec373e1d675c0d97af29195b63fc403729,1,1,0,0,0,0,0.0,0.0,124201484649.37946,0.0,0.0,502
0x046d749b3cf095dc2bcf9a82a9de43966b29cf49,3,1,1,1,0,0,1.0,0.0,1119181437647.3716,99622084078.37088,99622084078.37088,1000
0x046f3d4ac4df2caa030714b79958661e04566b6e,1,1,0,0,0,0,0.0,0.0,189266555199.62454,0.0,0.0,502
0x046f8f1897b93398cd8b495e81ef0ababfe11d68,1,1,0,0,0,0,0.0,0.0,1.2619467631159278,0.0,0.0,502
0x0470a2b7b6b48d5d8a8f42f8fbf10218ea416755,51,21,15,8,7,0,0.5333333333333333,0.0,1.0550391899680042e+16,3139166306795181.0,106680954426304.44,1000
0x0470a46f57515cb7d112acde06f410c3111575b0,118,39,27,20,32,0,0.7407407407407407,0.0,2.1833232941042022e+17,9.678638555722522e+16,6.747314131070346e+16,1000
0x0470cd31c8fcc42671465880ba81d631f0b76c1d,45,45,0,0,0,0,0.0,0.0,1595390501183022.0,0.0,0.0,590
0x0471576d6dc3e08b74de7408bcf406b5763a9eb7,2,2,0,0,0,0,0.0,0.0,2.010646071282517,0.0,0.0,504
0x04721424482164fbc54992e6642e228bddd154d9,4,3,1,0,0,0,0.0,0.0,1801173187915141.8,586857356493901.9,0.0,506
0x0472fb73541e18716446b3c52d4221c8f78de7ae,15,6,3,2,4,0,0.6666666666666666,0.0,814988200275382.4,264.47449265517366,262.7222779998544,587
0x0473652f955accfa58787ba2770198826bee9f93,1,1,0,0,0,0,0.0,0.0,10.489229381641634,0.0,0.0,502
0x04737567bb285ac7c15244c9c9f8707d67d1e558,9,4,2,1,2,0,0.5,0.0,15041700237079.404,9685521310409.973,9163845493660.152,1000
0x0474101e1a5926a9d7295f80d2a7e4617dc6bf53,2,1,1,0,0,0,0.0,0.0,223.21399247217732,112.6101368651773,0.0,502
0x0474b7e51abbb836a44b68dc6382134bddce6538,147,55,31,17,44,0,0.5483870967741935,0.0,9.684893557174517e+16,9.172932205332958e+16,6.138439871801277e+16,1000
0x0474f11e0367edde612e0119f62aad7695dd86d5,21,8,5,3,5,0,0.6,0.0,1428642556065888.8,812487147846303.1,809990423204800.5,1000
0x04752c1a5013a42b400548d56ad5e0de64387def,2,2,0,0,0,0,0.0,0.0,38205419455764.875,0.0,0.0,504
0x0475804706c2128de587e400bd725b75eec84839,2,2,0,0,0,0,0.0,0.0,0.014377539465282193,0.0,0.0,504
0x0475a4b2c54cdb975278a8ba5977ebf07df8f033,16,8,5,1,2,0,0.2,0.0,1630312128252511.0,482701402889686.06,211049455651281.44,1000
0x0476f3ee277eb20568ee2369b337f3ce55bc558a,763,511,107,83,62,0,0.7757009345794392,0.0,4.627249932551299e+18,2.5442581295743826e+18,382160.55161768396,1000
0x0477455e0e65928b993ba49bbbd5ce8d434fe1d2,40,7,12,20,1,0,1.6666666666666667,0.0,2845488574631780.5,5520.338847710655,2722.533565817646,767
0x04777caf984db9a9b94b031a72ca250ae885654b,1,1,0,0,0,0,0.0,0.0,0.009965307561669988,0.0,0.0,502
0x04778c5867ccc6951cd5bb15583f59a545c77262,2,2,0,0,0,0,0.0,0.0,1.0948607005517812,0.0,0.0,504
0x0479283a1751f32dc400615f5dd6799ebd304e6f,19,11,7,1,0,0,0.14285714285714285,0.0,19710.468014217116,19367.733584645845,3401.398483193952,573
0x0479326c87da7a60d2b84f8ec73ea60f8df445c9,1,1,0,0,0,0,0.0,0.0,4290360821280860.5,0.0,0.0,502
0x0479d748dc2516d61c04d4665b8d05d035d4dc95,16,15,0,0,1,0,0.0,0.0,25136844620044.53,0.0,0.0,530
0x047a1f7235a03aa9016061b16b54da901044fe0e,40,17,3,6,14,0,2.0,0.0,2.0759656927602936e+16,1504.0435377077324,1505.2433414266363,767
0x047a96ef72d7ee6a3f193bdb92e998fb300265df,820,179,200,207,234,0,1.035,0.0,3.413810075288431e+17,2.4290107270381542e+17,2.4295855467737654e+17,1000
0x047aa912135e7dacd4f761ce2de485eca88c096e,6,6,0,0,0,0,0.0,0.0,2.8098070809952924,0.0,0.0,512
0x047be7607fbf63467e2ca66af84b1cffd69c7bf2,12,4,1,2,5,0,2.0,0.0,105729056721504.78,21564700000000.02,21564700008656.008,1000
0x047c29119e9322c10b0712ea80d49ba34776186c,2,1,1,0,0,0,0.0,0.0,9793384776426456.0,3618479346690820.5,0.0,502
0x047c4b0d781af5af9d64c16fb0c75cfd9ae1b365,1,1,0,0,0,0,0.0,0.0,1768768697007.629,0.0,0.0,502
0x047d5247698a111b34d7dde3282f07fd154cb759,14,7,6,1,0,0,0.16666666666666666,0.0,9.081909955427238e+16,4.7648366628631624e+16,7538.871862682099,609
0x047ea31614fc085ce7b80412fbab65fd51a8bb7a,298,141,58,66,33,0,1.1379310344827587,0.0,3.2942633323784934e+17,253874.5457048622,253864.93536639962,1000
0x047f36f975bf17d79ee15d96fbadacf6c0e49dcc,2,2,0,0,0,0,0.0,0.0,3.7681009243852337,0.0,0.0,504
0x047f78ef663432cd15d28c0b7098bd6236442264,33,16,9,3,5,0,0.3333333333333333,0.0,2127964056728588.5,1090055156144079.2,1018780203323760.0,1000
0x047fb945951f9801ab087a6e7e44ce87361931d1,1,1,0,0,0,0,0.0,0.0,996647533224.4043,0.0,0.0,502
0x047fdc2db6ee901f154f60b36626194d2c2a68f7,47,11,7,21,8,0,3.0,0.0,122243130927692.88,5666921469908997.0,994539700206603.5,1000
0x047fe25b45dd7f73258d858971cfe41e004e6132,77,36,20,13,8,0,0.65,0.0,2616274040911143.0,2065047249945253.8,2685.6835432041653,702
0x04803b46c2a8951a2ce0793d58db51b29656dfbe,63,30,16,10,7,0,0.625,0.0,7816056095306750.0,9990744566721470.0,6387086228086470.0,1000
0x0480b924a6f1018863e318af33c15f01619b7f2f,3,0,0,0,3,0,0.0,0.0,0.0,0.0,0.0,500
0x0480c86160aebcfd291466fac4433175d57d89c3,2,2,0,0,0,0,0.0,0.0,2152296321181.7783,0.0,0.0,504
0x04819393b5f4bc198c2b68c4671c9b0dea36a68e,1,1,0,0,0,0,0.0,0.0,1.1018583504761288,0.0,0.0,502
0x048257c85f457a6b22a30db67cc781676fa521c8,1,1,0,0,0,0,0.0,0.0,1.0953925016955415,0.0,0.0,502
0x04826a8b3190c525602609bac98f85f28b3a56b3,1,1,0,0,0,0,0.0,0.0,1450048092639.3418,0.0,0.0,502
0x0482d6bf3b83470ee4ee87c20a98d38249138e1b,2,1,1,0,0,0,0.0,0.0,111918143764.73717,22383628752.947433,0.0,502
0x048328090e7a51f106ad99ac2c8eca8519725632,9,6,0,0,3,0,0.0,0.0,293095320393377.4,0.0,0.0,512
0x04841cbcc7676ddfe8146e8ad3aa0a478e843792,4,1,1,1,1,0,1.0,0.0,2579827190400000.5,699398815082387.5,699398815082387.5,1000
0x0484b2e7973130c0b31b482175c15a38d86e5840,13,1,1,1,10,0,1.0,0.0,1084028507308429.9,199.00538228752148,199.86632766268391,606
0x04859ae1248a198d87270ebb27e3ca3a2cc98595,1,0,0,0,1,0,0.0,0.0,0.0,0.0,0.0,500
0x0485c45ca2c7aef83b2cea8707874e38b5524e68,1,1,0,0,0,0,0.0,0.0,688970645029.7552,0.0,0.0,502
0x04868121d0d38eae597dd6b23e8d120775006674,1,1,0,0,0,0,0.0,0.0,1039938640063.593,0.0,0.0,502
0x0486b904c347c7794e70a37c8d53a67b64b38b5f,1,1,0,0,0,0,0.0,0.0,0.009914942113566935,0.0,0.0,502
0x04873757ba72cb607dabe30084e4dfa6ca3c1b82,2,1,0,0,1,0,0.0,0.0,1626271594800002.0,0.0,0.0,502
0x04874b6d702120d4a722e25d9cba2ae0790334f4,1,1,0,0,0,0,0.0,0.0,1020619756576.0021,0.0,0.0,502
0x0487fed00e5f5e81507b1cd6e851b741a4a020fd,16,1,1,3,11,0,3.0,0.0,2.5546162209441514e+17,102270.68372227291,102304.6493486288,1000
0x0488456ea17ec42ad21df20efb4a35a37d710064,1,1,0,0,0,0,0.0,0.0,1.1266300696209937,0.0,0.0,502
0x0488a842649b08a69392ee8fed93db6d3dc773bd,3,3,0,0,0,0,0.0,0.0,1778369251039.465,0.0,0.0,506
0x0488def629e5780e493829c28e704864cbef0b8a,2,2,0,0,0,0,0.0,0.0,2.2521683489091147,0.0,0.0,504
0x0488eb591321625f9417cc3c21398c8d06ac9095,13,5,4,2,1,1,0.5,0.07692307692307693,790794644499235.1,394.68765346994064,195.6131895574466,547
0x04895114da673f16d83a75e4cd3c64a68e2428c8,66,20,15,13,18,0,0.8666666666666667,0.0,3065516164989009.5,2456345852354865.0,2457815945665894.0,1000
0x04898eedaa574d173f7d7705168bcebcf3824e2d,1,1,0,0,0,0,0.0,0.0,139.47959326864284,0.0,0.0,502
0x04899a2bba1faf90a5779aaabfc169339744c227,1,1,0,0,0,0,0.0,0.0,1665326984846.7778,0.0,0.0,502
0x048a81418e95b13b47b63f4a784a1ff5542e72cc,12,4,2,2,4,0,1.0,0.0,1121820232548414.1,899699776222905.6,716729693480763.6,1000
0x048aa5096f91f6436ed3ac79e853c16a9c4155bb,2,1,1,0,0,0,0.0,0.0,560865078387.132,285014371505.153,0.0,502
0x048aaa70a3e351c9e3b487ba78fa03efbf062067,61,26,13,15,7,0,1.1538461538461537,0.0,5155388545919010.0,116820.65159224778,114378.32451461304,1000
0x048ab378049f7763e5c728fe551ae19115b2bb20,33,9,11,7,6,0,0.6363636363636364,0.0,136299831644019.25,94739681475734.77,43240339939314.44,1000
0x048ad0a6d74bade422ae4080f17fc311d3aaec83,4,2,0,0,2,0,0.0,0.0,4410816990992.957,0.0,0.0,504
0x048b12903e0cc00b5bddbec2c76909cc6666c155,2,1,1,0,0,0,0.0,0.0,1448610486.383247,79673576.8000025,0.0,502
0x048bcde2ea3e9f4c14ce9ad83c96bbdc61ca2f4c,1,1,0,0,0,0,0.0,0.0,1016877772611.5504,0.0,0.0,502
0x048ca2571ed3aec463d42cb6fb0f20f6fcb7988e,4,2,1,0,1,0,0.0,0.0,1007.5433651976923,400.3393943685618,0.0,504
0x048cfe86325ecb012e4cc05495683e229eaca7ad,2,1,1,0,0,0,0.0,0.0,5724594614090.331,1020641241270.8656,0.0,502
0x048e1e942cecde524fb35ebd625749b0be00f563,175,82,37,20,36,0,0.5405405405405406,0.0,8.659906367579222e+16,2.0538661697011164e+16,7507410740222715.0,1000
0x048f06d1afb5e43f73f593aab1b2a4316ddb5d9f,4,1,1,1,1,0,1.0,0.0,6411656705617007.0,2615.95612018268,2623.1330873658376,631
0x048f5cb4c12107c37e2d028aa56315659f36ce47,14,8,4,1,1,0,0.25,0.0,548789343913078.75,204.4021364304736,39.27843064835846,544
0x04900d94ce6b1689922d8f0f672f8473aa49eb62,1,1,0,0,0,0,0.0,0.0,9747016933.64581,0.0,0.0,502
0x0490bcc64eb613b9f5b774f7e0fed4478d0982ab,3,2,1,0,0,0,0.0,0.0,342127737050.9076,0.10027357419377403,0.0,504
0x049201b13cd2a316aab6edae90cc0f8ed6597ea9,56,31,14,4,5,2,0.2857142857142857,0.03571428571428571,2.3065310265754892e+16,15148.972126125227,6599.669009275267,651
0x049262af9167e1fd91c668cea2500eac72bd6df7,3,1,1,1,0,0,1.0,0.0,63878704537454.58,4.133821272489881,4.144215062748017,605
0x0492641c71d27fc4ad2913abc02af5dae2d7e9ec,2,1,0,0,1,0,0.0,0.0,719337159518.9731,0.0,0.0,502
0x04936487d69f08a304bd6470c2f0cf6e6aa609d7,4,1,1,2,0,0,2.0,0.0,671960079007.7844,0.21838658973810512,0.2181462772709768,708
0x049403324eaf7b38e6fe3bf547c1f9e13391ce3f,9,3,2,2,2,0,1.0,0.0,22733321938572.06,14734309158630.35,4544254502102.35,1000
0x0494a6fe59e7b6db7cc4d8530f95f4f836e2100b,1,1,0,0,0,0,0.0,0.0,174184622294.875,0.0,0.0,502
0x0494f503912c101bfd76b88e4f5d8a33de284d1a,25,0,0,0,25,0,0.0,0.0,0.0,0.0,0.0,500
0x049569adb8a1e8a9349e9f1111c7b7993a4612eb,68,16,14,19,19,0,1.3571428571428572,0.0,1.1439064779457426e+16,2136266124011581.2,2187350601601169.2,1000
0x0495a81819e5fe5c6d737b8b7d974ffdbd3532d9,2,2,0,0,0,0,0.0,0.0,9888541430.278725,0.0,0.0,504
0x0495ef8dec406418adbeb8e66b78ffbf7fd07a34,2,2,0,0,0,0,0.0,0.0,2070011237046.8164,0.0,0.0,504
0x04962bc8ed7ea4f608dedf636790035d058b1daf,45,22,12,5,6,0,0.4166666666666667,0.0,1996994371566548.8,1526927597710971.0,772499424526677.5,1000
0x04963f5707c9db2d613e8d402453f88a72f1c6d4,4,1,1,1,1,0,1.0,0.0,1957667132330198.0,706.100067779479,706.100067779479,612
0x049675d578aff8a085ea67947751cc2df717b863,15,0,3,6,6,0,2.0,0.0,0.0,4508826275530316.0,9086410346063768.0,1000
0x0496c02f3d8eadbc5558913ef6dc5fff59077df0,2,1,1,0,0,0,0.0,0.0,97345440134916.17,10.011271650572382,0.0,502
0x049702e543254ea9f16abe9d6aa9b1d1e9efbee4,1,1,0,0,0,0,0.0,0.0,172671470697.0477,0.0,0.0,502
0x0497139c9c7c0faef171143f71b0fe54fa24dcb1,1,1,0,0,0,0,0.0,0.0,11749564727338.45,0.0,0.0,502
0x04973fe77a1f4ea0c3d647661fc0c95e11e538e1,1,1,0,0,0,0,0.0,0.0,153435709422.1803,0.0,0.0,502
0x049808d5eaa90a2665b9703d2246dded34f1eb73,1,1,0,0,0,0,0.0,0.0,1.188265618032368,0.0,0.0,502
0x0498ee7e380650bbe94857a759ae11d071683fd0,3,0,0,0,3,0,0.0,0.0,0.0,0.0,0.0,500
0x049940feda4277b7f01ef10fca0b975c541d8fca,345,196,36,37,76,0,1.0277777777777777,0.0,4.383110309072219e+18,2.446224091252054e+18,2.4579630922068547e+18,1000
0x04997f327d508cc66bf2afbaec867a5b45fcb231,6,4,2,0,0,0,0.0,0.0,1443512810195475.8,691.1197149189738,0.0,508
0x04998145f9615270181f46cacd96e3fb2275bb64,8,4,2,2,0,0,1.0,0.0,4542899198527072.0,1179.554705664777,1180.4450555252924,625
0x0499c4984578346f1fafe15213c6f5b31bcefb21,2,2,0,0,0,0,0.0,0.0,4.072305315991198,0.0,0.0,504
0x0499f8afe7234321fd3da64116141431fc08ff35,14,4,2,3,5,0,1.5,0.0,6524463454425202.0,1.1415207448335846e+16,1.14417470821462e+16,1000
0x049a198dd6d7937a07520d6f0f6c3570d7b00d9a,28,14,10,2,2,0,0.2,0.0,2727709154250480.0,1334574693853725.8,175.1787170313422,555
0x049b8457a23bef5354c65d1cbbfa3bb897782ec1,165,59,36,29,41,0,0.8055555555555556,0.0,4.238437485153736e+16,3261417393583747.0,3158477809146581.5,1000
0x049c43731aa8c4cbc14252e52af0e55c5a48df15,19,5,9,5,0,0,0.5555555555555556,0.0,1.3670688172678168e+16,29570.110232916697,16071.598871342792,741
0x049ca02e4394a5ddea5ef9c3194d82e640187573,74,16,16,19,23,0,1.1875,0.0,2.6221118817435748e+16,9512138087719634.0,9545488742811544.0,1000
0x049df4b2adb3260c5df50f4faa072fa821f0f89a,1,1,0,0,0,0,0.0,0.0,164264271588.89423,0.0,0.0,502
0x049ebefecd528c6580c11d00e353e52b49c56dd2,3,2,0,0,1,0,0.0,0.0,22140439076672.297,0.0,0.0,504
0x049ed9ff140a2ad73db0cbd993771d16e86b4b5e,1,1,0,0,0,0,0.0,0.0,1.1114072426896275,0.0,0.0,502
0x049eebc628e60f804daae62df6c3715b9273b2c2,329,127,78,87,37,0,1.1153846153846154,0.0,1.088282506241864e+16,1225859462148120.8,1218953844188234.5,1000
0x049fa027e31206dd10b1ef184e7f564b41eef68f,5,3,2,0,0,0,0.0,0.0,9579444052383.453,4091790966135.4062,0.0,506
0x049fd5a7f8d59517260baefa017b79c0ce19f0d0,1,1,0,0,0,0,0.0,0.0,1.1076766161975928,0.0,0.0,502
0x04a0362b7c9bea7f14cbf1f33998ff552f731ce0,1,1,0,0,0,0,0.0,0.0,1.0023518826884934,0.0,0.0,502
0x04a0457e163ceef461efc4d0c2a374bad426d1dc,19,5,1,1,12,0,1.0,0.0,1251.2562780377334,42.32613343115832,42.5477276363705,613
0x04a157b002ddedb4b3fdbf6b0cd338be5acfd033,3,0,0,0,3,0,0.0,0.0,0.0,0.0,0.0,500
0x04a2bcf8c95199866c4ccd9362fdee975eee406d,1,1,0,0,0,0,0.0,0.0,1.0925424879600005,0.0,0.0,502
0x04a38539567837666eb4ee6e027005d14410386d,56,31,12,5,8,0,0.4166666666666667,0.0,2.358999451264294e+16,7231952928337465.0,5520.049389747257,673
0x04a3d07f39b643948c39ad3d3aa24ef03a6b7cfc,8,4,0,0,4,0,0.0,0.0,1218912871006288.5,0.0,0.0,508
0x04a43f4584372de76a0c687b3225ac6abeb63504,5,3,0,0,2,0,0.0,0.0,1000874433288289.6,0.0,0.0,506
0x04a4a3260cfa79343b0d5165dfed70c3236fab43,17,15,0,0,2,0,0.0,0.0,891037920150.3771,0.0,0.0,530
0x04a4f6e1c8b1917fd9b937a44b5d35fc3e12a275,2,1,1,0,0,0,0.0,0.0,21230756246.160084,4555956276.000018,0.0,502
0x04a5f2cd0cdc04f4c483d3dffc71c218551500d1,4,3,1,0,0,0,0.0,0.0,31471165391082.945,10478964560687.816,0.0,506
0x04a610f9b627d61b1be63f6dbce3cf67ee38a005,4,1,1,1,1,0,1.0,0.0,7598775671070260.0,1996722480847279.2,1996722480847279.2,1000
0x04a6b09c4708f4c94670cc52b15b3dddb6c7d04c,29,10,4,3,12,0,0.75,0.0,7.335312962743136e+16,26596.095021917652,7135.95573094114,675
0x04a6b171582bf89567aa91780db5ad2479fc383c,3,2,1,0,0,0,0.0,0.0,5896048931968.106,2948024485389.2295,0.0,504
0x04a72dd82489175d80e1c165e1aba1771955a0f0,21,7,3,3,8,0,1.0,0.0,2.4065146790846628e+16,1.701558706569404e+16,1.6923706576849924e+16,1000
0x04a74af2379f0263a60b5df186e0e66d32c88539,11,7,1,0,3,0,0.0,0.0,4743474909201890.0,2600.549892203571,0.0,514
0x04a8b2bc24fd83f62bf1a3b4365932e5a25404f6,1,1,0,0,0,0,0.0,0.0,190649245289.60764,0.0,0.0,502
0x04a965e6c08deeb868d46f4706c70f2df2a0e2aa,3,2,1,0,0,0,0.0,0.0,2238362875.2947435,0.0010031117590340703,0.0,504
0x04a9674c700ebf21d4ab7dcbd5fc6ee6db08c398,1,1,0,0,0,0,0.0,0.0,140426467263.56012,0.0,0.0,502
0x04a9e17c30292cef63922a16dd24ce3893775ea0,2,2,0,0,0,0,0.0,0.0,2.1901122540111655,0.0,0.0,504
0x04aa1e3a5c1a5b16d83694daa6dde6acfee54eb8,1,1,0,0,0,0,0.0,0.0,1.239674588401654,0.0,0.0,502
0x04aa925e6db233c1af8850a3dcb165ab328f9dfb,1,1,0,0,0,0,0.0,0.0,21197121798.32007,0.0,0.0,502
0x04ab33227e660e5f2e8263a030a00b71c9323bac,10,0,0,0,10,0,0.0,0.0,0.0,0.0,0.0,500
0x04aba30626401711e202d5f616cc3bd5fd436408,3,3,0,0,0,0,0.0,0.0,1000874486.9573222,0.0,0.0,506
0x04ac9be993d9bb591192402243a45e1e9f72b1f8,6,2,1,1,2,0,1.0,0.0,4267728139514314.5,3371664178012728.5,3378403989029927.0,1000
0x04ae0e27e25f13714dbd04b248b64dd748761b79,1,1,0,0,0,0,0.0,0.0,1017333788774.8121,0.0,0.0,502
0x04ae4c5aa43f580c6648a3bb4624c73ccae49014,1,1,0,0,0,0,0.0,0.0,238438278968.81677,0.0,0.0,502
0x04ae8c108743167c7457073ba8c1571fd5d56325,5,2,1,1,1,0,1.0,0.0,18218705498030.234,1048986606600.5146,1028840400734.8792,1000
0x04ae99f5c4658cad9939c31bc45dd80406f8585d,1,1,0,0,0,0,0.0,0.0,1.072468628479145,0.0,0.0,502
0x04afc5c09a6f06070c0cdbaf2b2604e371f50f41,2,2,0,0,0,0,0.0,0.0,1904280296751420.0,0.0,0.0,504
0x04b0a41216bb2d497f14975b2822033f7448e8b1,2,2,0,0,0,0,0.0,0.0,1.1862078824045543,0.0,0.0,504
0x04b12ef29de958ef09e983938f51a52fa5f7c487,2,1,1,0,0,0,0.0,0.0,100.6698599768394,49788864525799.07,0.0,502
0x04b16c6a736628ce683a80c5596d31cc5356cc4b,2,1,0,0,1,0,0.0,0.0,875736947267182.0,0.0,0.0,502
0x04b195e405d68f64d1ec39cd6504dfc8ac048243,1,1,0,0,0,0,0.0,0.0,165314176224.7637,0.0,0.0,502
0x04b223027e2abc98aa863153c652fd9ee45ef855,1,1,0,0,0,0,0.0,0.0,1867358370708.3655,0.0,0.0,502
0x04b2c599c7edc44ffbcd800cf946d5f46db7836c,18,11,5,2,0,0,0.4,0.0,1.6925031281174798e+16,216191932343401.0,216735141477044.56,1000
0x04b2f0087765e57f51ef3c91b2be23d0a02839a6,23,6,4,2,11,0,0.5,0.0,1.6538060341001478e+16,9004.384641461786,9038.561074276113,658
0x04b351407edcbcf7d3eaf684be50036b27421a43,1,1,0,0,0,0,0.0,0.0,1.1074686312910027,0.0,0.0,502
0x04b3ed7b273e9d71d85e364d5101652648be0867,1,1,0,0,0,0,0.0,0.0,1028358224508.9469,0.0,0.0,502
0x04b432062e5c082fb32738f31fff2e635e6e7f1f,9,8,0,0,1,0,0.0,0.0,23983961683437.957,0.0,0.0,516
0x04b504db381e3058c6f83218501b74d647bbdbd5,1,1,0,0,0,0,0.0,0.0,0.010726310684001697,0.0,0.0,502
0x04b5171a7265fe54b02418c345cf4ecb7a6deb11,4,1,1,1,1,0,1.0,0.0,2400265705052739.5,502052335250001.5,502052335250001.5,1000
0x04b5762ee57e2fa1cc1dd2e13d284d0284f2d41e,64,26,25,6,7,0,0.24,0.0,3.788164624386954e+16,2.663866072388467e+16,1.8990174850631684e+16,1000
0x04b59920172985237d8c10f2ee2b3dbf7d56154c,5,2,1,1,1,0,1.0,0.0,2014.9450959987432,1712.3615196557048,333.4598748803215,610
0x04b5c5d08ddef275535c5a95a62f803fc1cd3dba,211,40,52,103,16,0,1.9807692307692308,0.0,2.079743247710541e+17,6.0233382559857656e+16,4.751693173559538e+16,1000
0x04b6c3d520b2521ed9bf523c03967f4a28a32b50,35,23,8,1,3,0,0.125,0.0,229058652555512.88,110340542298507.5,10.018330197211506,561
0x04b6ea5a19b8945eddc4a141408ec34c2a55a34e,3,1,1,0,1,0,0.0,0.0,0.05310752572374179,0.41104327031203,0.0,502
0x04b7e41c0ec19ae1572ad124fded5030d8f399d5,1,0,0,0,1,0,0.0,0.0,0.0,0.0,0.0,500
0x04b7f0bb0ec9de8313180276279984125e9c3f7c,3,2,1,0,0,0,0.0,0.0,140292322591423.12,73806178701740.89,0.0,504
0x04b80ffd9e33286ced79539f6e2a20ca45247833,5,4,0,0,1,0,0.0,0.0,8008475694691501.0,0.0,0.0,508
0x04b8b16b405662a4d14e27d943036dbd31aab01a,14,6,1,1,6,0,1.0,0.0,5465737102853084.0,3000.039877837469,3026.502817381195,645
0x04b9164c0335c93939dc6edb65d2274e96129afe,1,1,0,0,0,0,0.0,0.0,3728895594145.684,0.0,0.0,502
0x04b95fbf82c747ebb71e9117c979aaa7ae0830f1,1,0,0,0,1,0,0.0,0.0,0.0,0.0,0.0,500
0x04b98ee207121943d1e76080a5b4b93345663335,41,4,11,17,9,0,1.5454545454545454,0.0,6551346123613578.0,2.518595125277752e+16,2.5365556588776028e+16,1000
0x04ba162fac660a46e6b234413543a18cf101670e,1,1,0,0,0,0,0.0,0.0,1.1321484780659457,0.0,0.0,502
0x04bc46819f14a5580ed913688666c6f589f55403,2,2,0,0,0,0,0.0,0.0,1.1365824544099496,0.0,0.0,504
0x04bc88e5693ac863f9c693930354cf6a000ef077,1,1,0,0,0,0,0.0,0.0,177047104754.6037,0.0,0.0,502
0x04bcedca9d869d3d6cb35c8e5751160cea90ca4a,1,1,0,0,0,0,0.0,0.0,226035420303.25906,0.0,0.0,502
0x04bdc271b7afd68bbd52c9366880849c15ba42b7,25,15,7,2,1,0,0.2857142857142857,0.0,1581208641101028.5,34158497742968.273,175.88394191105908,566
0x04bdc83e595387020b8cc984cb0e51320f546d74,2,2,0,0,0,0,0.0,0.0,1.060287775912627,0.0,0.0,504
0x04bdfb9f9704694ca365b8e27bbdb7e093475340,5,0,1,2,2,0,2.0,0.0,0.0,11952608383187.5,24126090165321.098,1000
0x04be2a942c1060db1c7615670bb55950a52f8b15,7,2,1,2,2,0,2.0,0.0,9869915668580.064,994110008915.9657,3389914176694.54,1000
0x04bed630357309dc193bebce09a2ae1381166b33,8,3,2,3,0,0,1.5,0.0,1215339865737224.0,301.6118192217126,302.91635985805436,668
0x04bee613690e98a1959f236c38abaa5f2439b14a,13,2,2,0,9,0,0.0,0.0,298422652400281.0,125607938102887.86,0.0,504
0x04bef5ce18d1211e16d3dd30252f7eca71198412,1,1,0,0,0,0,0.0,0.0,177901176827.20535,0.0,0.0,502
0x04bf664ad34a7a838518ba3c22eb1174584589b1,1,1,0,0,0,0,0.0,0.0,1804037848307.9094,0.0,0.0,502
0x04c009847728a5d8094b1c88954d5f1a39d02c75,1,1,0,0,0,0,0.0,0.0,11333979132028.77,0.0,0.0,502
0x04c0186b3414b05f8e6d35b8d51f01c25f10011c,7,4,2,0,0,1,0.0,0.14285714285714285,3.343218857971141e+16,25019.708126462916,0.0,474
0x04c172c3ea090370e7947415ea2d0ee6a486702b,1,1,0,0,0,0,0.0,0.0,1.1025943064186614,0.0,0.0,502
0x04c18cbf703c72591f1800b52d801a948f55e00c,66,18,12,12,24,0,1.0,0.0,9.647728795933762e+16,3551000854723535.0,3880160372629087.0,1000
0x04c21b856704bd1bf00faceae9a76af5742aa60d,1,1,0,0,0,0,0.0,0.0,1.3380549005848374,0.0,0.0,502
0x04c233493c34a74c4739fc589b52d25c5776de4e,3,2,1,0,0,0,0.0,0.0,2255705231.4817686,6.083613968603465e-06,0.0,504
0x04c252241472f3ddb5dbc77017b3d84b425c3d1e,2,1,0,0,1,0,0.0,0.0,4527217740267.893,0.0,0.0,502
0x04c2596bb175752f87f3f41e7352543beec82edf,2,2,0,0,0,0,0.0,0.0,2039405320595.7107,0.0,0.0,504
0x04c28766bf1e464f9a87432281d6a456342b7c3e,1,1,0,0,0,0,0.0,0.0,1.0801121507220515,0.0,0.0,502
0x04c2c40c7ea88a5a45995542d85b9b21b333b26c,1,1,0,0,0,0,0.0,0.0,1.0999861594219145,0.0,0.0,502
0x04c2e657cb2b0d86d7129819808430d889ed2660,20,4,2,1,13,0,0.5,0.0,20956827.64733687,29071.990912618425,29090.44587067541,851
0x04c322117e21cd15163b9954eff247e9f32359a9,6,5,1,0,0,0,0.0,0.0,113652381.41380914,1136523.7938343969,0.0,510
0x04c3611d4504b454f1309e0f523db8d0f95feac2,101,48,8,7,35,3,0.875,0.0297029702970297,3.409014970019377e+16,767223690301622.2,767223945232465.2,1000
0x04c3ef3269f17c13df50fc16197df38f90c5c587,1,1,0,0,0,0,0.0,0.0,1094787778380.5774,0.0,0.0,502
0x04c444bcd609e73fa141cdeb401f9b6ce83d7cbd,6,3,3,0,0,0,0.0,0.0,1.1702316928167392e+17,9.015964090379803e+16,0.0,506
0x04c478f571836b5dbcf487f7936f3416c4df0b67,1,1,0,0,0,0,0.0,0.0,1.2486283898460129,0.0,0.0,502
0x04c55912af70c59cefbc350eb864071f24835fcf,118,52,36,14,16,0,0.3888888888888889,0.0,4846405312364695.0,2906668347484738.0,769019117247655.6,1000
0x04c5b00702a584b793238546243d15f6edb61527,4,3,0,0,1,0,0.0,0.0,1533305433593.2588,0.0,0.0,506
0x04c5ed69842a879976fb324716396c09a6470585,2,1,1,0,0,0,0.0,0.0,40018943160.00016,5050076626.327671,0.0,502
0x04c609ac41995cf128cde8e7835aeed7e8bb7d8a,1,0,0,0,1,0,0.0,0.0,0.0,0.0,0.0,500
0x04c665fe7d65749cb83076630cae591cb8ec8307,1,1,0,0,0,0,0.0,0.0,989374503239.7964,0.0,0.0,502
0x04c66a0474f1c6dee2a36fc6254f60989ba2651a,17,6,2,3,6,0,1.5,0.0,26993894391362.77,787.6038724299495,788.9486283187729,678
0x04c6afa4eb74e06d5258c5a96eeedc60f24c271a,2,2,0,0,0,0,0.0,0.0,5.054942998132907,0.0,0.0,504
0x04c703a95f5d4215926e8b45668f709bcfef0163,2,2,0,0,0,0,0.0,0.0,2.0415642139992185,0.0,0.0,504
0x04c873241fe90e09ceaa93cdab3cc5c55ab863cd,26,11,10,2,3,0,0.2,0.0,325277395964744.94,6381.3963903075955,3333.9924056495183,581
0x04c89b6513400df610c062f09bc243a743f34fd9,85,33,21,12,19,0,0.5714285714285714,0.0,3.3731456826268136e+16,1.8715010068859296e+16,1534419064177525.8,1000
0x04c9029e4d939213902d632ba2fb6f4fe2cbdc8c,1,1,0,0,0,0,0.0,0.0,174582276513.10434,0.0,0.0,502
0x04c9481dd5aaf3a65d387b5e8c53e805c95cb70a,12,5,1,1,5,0,1.0,0.0,38678.50791715538,10003.946933728113,10012.43185693935,713
0x04c95c6f8ea7ff7c3f7a2f148fae75650c5a875e,9,5,0,0,4,0,0.0,0.0,3.3559116954909492e+16,0.0,0.0,510
0x04c9a437a766af5c8de653ac66d61e9217a7455f,2,2,0,0,0,0,0.0,0.0,1.3696079339652034,0.0,0.0,504
0x04c9b1744e0cc0e2879bbbb41b6a77e10625b87a,3,2,1,0,0,0,0.0,0.0,17047856907515.953,5682618969171.984,0.0,504
0x04c9ea8aaa2bf73bd0301a314d8d865b89843587,4,1,1,1,1,0,1.0,0.0,6249683655215881.0,998753809836538.5,998753809836538.5,1000
0x04ca10d9c7fd91eaefbc8f78406162eb8b76bc28,1,1,0,0,0,0,0.0,0.0,7898191736389.911,0.0,0.0,502
0x04ca9d52ee6f8638fa959375b6963d080d4c844f,125,80,44,1,0,0,0.022727272727272728,0.0,2.7885312739925545e+18,1.6000968542000474e+18,4583.925091493524,711
0x04cb9f14ec7372bc0cce89756a395787703d8bd2,1,1,0,0,0,0,0.0,0.0,1242471459060.745,0.0,0.0,502
0x04cc760c74225af2df2dff53f0710c61c22edad3,1,1,0,0,0,0,0.0,0.0,145996175137.14175,0.0,0.0,502
0x04ccad654b08f198e01402063ae2a2f1fc0fe6f0,1,1,0,0,0,0,0.0,0.0,1078097136484.5187,0.0,0.0,502
0x04ccc2b6e312d9bd573b3885b4c2bfd29c5493e3,2,1,1,0,0,0,0.0,0.0,291.70240907690766,237.4812408369046,0.0,502
0x04ccd789d60c68242d38ba1691a5debe545d9d74,8,6,0,0,2,0,0.0,0.0,99986499351787.64,0.0,0.0,512
0x04cd1eed570dbc3ab3793b06160cdf21797806c5,1,1,0,0,0,0,0.0,0.0,110386403703.79865,0.0,0.0,502
0x04cd500c83e303daad0971760823fcb6f8c870e7,5,3,0,0,2,0,0.0,0.0,243026523780378.88,0.0,0.0,506
0x04cd5ffd4e9ef854e03b7e9fe865301b540048c2,4,1,1,1,1,0,1.0,0.0,1985423548810001.8,700120302550922.0,700120302550922.0,1000
0x04cda19cb300c98a5ff01a9bafc907e8751268d8,99,41,18,17,23,0,0.9444444444444444,0.0,6.818730671049286e+17,419230.2899835361,411029.75648255466,1000
0x04ce10ad684ea76ea7bf024ec8febcc7bb7b89f3,2,1,1,0,0,0,0.0,0.0,1369913151.0779605,75345223.62331575,0.0,502
0x04cf5e616dda9b78c09039cb39ccddb5631d066f,4,4,0,0,0,0,0.0,0.0,2249377367796.6895,0.0,0.0,508
0x04cf852c910191225e836742eeffffccc4b99d1c,1,1,0,0,0,0,0.0,0.0,1141419567316.5513,0.0,0.0,502
0x04cfb28b98f11cae504cf359c247ab64c21be05e,13,0,0,0,13,0,0.0,0.0,0.0,0.0,0.0,500
0x04d079566c66be71fa4a6a70ed58c65284f6f82b,2,2,0,0,0,0,0.0,0.0,2058713336941.5059,0.0,0.0,504
0x04d0d0c4bf3ff7d5b54869b813a4026414b57f1d,4,1,1,1,1,0,1.0,0.0,1721046927983277.5,701362537752101.5,701362537752101.5,1000
0x04d0f59c2b4e23210dd7f6ece497e732814e759b,1,1,0,0,0,0,0.0,0.0,1.0898996329371795,0.0,0.0,502
0x04d12047150d1cf5f6560369261cdffc4ea65524,2,1,1,0,0,0,0.0,0.0,108585346683.75854,53834162481.59528,0.0,502
0x04d1cdf9fd1122f863126c50fc96cdfcb6400172,34,15,8,6,5,0,0.75,0.0,15551925918356.617,6105741863836.711,1099432089494.5671,1000
0x04d1e3032002bf14d508b9be1272bcd391991740,8,4,2,1,1,0,0.5,0.0,4475747686339933.0,2006864138965790.5,2016449367161295.0,1000
0x04d24342c8b8a7310d9119d891c44b867187f033,2,1,0,0,1,0,0.0,0.0,10266.117233011044,0.0,0.0,502
0x04d25fb9b9ab1c310a20c74012f31a98d8a3fb60,1,1,0,0,0,0,0.0,0.0,145287553351.00635,0.0,0.0,502
0x04d34271e0216a8e3bab7598557112f70a06dc48,4,1,1,1,1,0,1.0,0.0,1021812352694585.9,261390937472143.53,261362924251714.03,1000
0x04d3878b491afb02abaec1dc7964e69cd01781be,7,3,1,1,2,0,1.0,0.0,9.034951241130888e+16,7.010112334891661e+16,7.027814668472024e+16,1000
0x04d3f7e620e40fc5e78ba88b1a1745d33e722a8d,1,1,0,0,0,0,0.0,0.0,97.9583625725448,0.0,0.0,502
0x04d636d093a0ec32e981c2c87b47ad8437f5c8c8,4,1,1,1,1,0,1.0,0.0,1191828688173129.8,488414346436001.06,488414346436001.06,1000
0x04d7391040d7da7f5e9e04f78b3f516a0a0ceaf4,1,1,0,0,0,0,0.0,0.0,1.2897788753900725,0.0,0.0,502
0x04d77f0bcc07515b0ba5d67bb812d6dcf1f1b2f6,51,22,7,13,9,0,1.8571428571428572,0.0,953848554462950.1,162944177623072.94,15674724207430.152,1000
0x04d7a4f5ef30dfb0b266376a4d08621540786c8a,1,1,0,0,0,0,0.0,0.0,1.9647386932989608,0.0,0.0,502
0x04d8763310b89bc61ced6f4a86f3eeca7613a157,1,1,0,0,0,0,0.0,0.0,1161779049895.6309,0.0,0.0,502
0x04d8e6eb0e3e3a7211ad92355c9c35e107bbc7eb,1,1,0,0,0,0,0.0,0.0,8.634852480549364,0.0,0.0,502
0x04d9d6934fa51db9f34afd7e65ca08a9d9dfd818,4,2,1,0,1,0,0.0,0.0,10661732222312.95,1579165808781.2002,0.0,504
0x04d9f6ecd792e48a09fa5dc2138baed8e628a7e5,1089,411,178,291,209,0,1.6348314606741574,0.0,2.2486960088777704e+16,5145823677469854.0,4904898067215048.0,1000
0x04db48ca88f936bacd571b4c4ff4e3b1f5687bcb,1,1,0,0,0,0,0.0,0.0,187767870521.9359,0.0,0.0,502
0x04dbfb3ea8b3a57a8e4bcec3af0269344b929f6a,1,1,0,0,0,0,0.0,0.0,1331276735827.5684,0.0,0.0,502
0x04dc49397769e402f28c1e65cefcf31664a03377,1,1,0,0,0,0,0.0,0.0,28147427034.40006,0.0,0.0,502
0x04dc6792cdf6f04acf894780cfb486fd0987ae86,12,4,5,3,0,0,0.6,0.0,3.4361671879049748e+16,22514.989628099072,22025.523045825314,797
0x04dcc7c1dc6cd28a3d7e1c16d6567643445014c2,1,1,0,0,0,0,0.0,0.0,1637522465043.3865,0.0,0.0,502
0x04dd50bdd139a9981bbaca6451f79b22d5af3ecf,3,1,1,0,1,0,0.0,0.0,8337019080225012.0,3952.9834997473354,0.0,502
0x04dde662ee487ca57b13932a23352eb854ec36bf,1,0,1,0,0,0,0.0,0.0,0.0,107583389.42627093,0.0,500
0x04ddf96a61c4c44731f04df4e963f61cfe3c9c6d,147,52,38,24,33,0,0.631578947368421,0.0,4.0336965582846034e+18,8.892923938797576e+17,8.096559884932214e+17,1000
0x04de57ea266868ee5ba9d98e744113d1ef889e15,2,2,0,0,0,0,0.0,0.0,2942990744688.436,0.0,0.0,504
0x04df6080e88b03f222a7297562428c5828a59500,1,1,0,0,0,0,0.0,0.0,1.9739535995827378,0.0,0.0,502
0x04dfa904deeccfe06cfa698966deb2483c8b759e,2,1,0,0,1,0,0.0,0.0,1009.5579574519671,0.0,0.0,502
0x04e086dbc437c49e89ffd74cd11beb59d49e6180,1,1,0,0,0,0,0.0,0.0,1189605067578.9365,0.0,0.0,502
0x04e0d1a9aa9a0196175bd65c925de8975e0119db,1,1,0,0,0,0,0.0,0.0,308857679828658.1,0.0,0.0,502
0x04e143012ddcd4da17c439992614f51d4f2d367d,4,3,1,0,0,0,0.0,0.0,223836288.5481332,21042873.813176993,0.0,506
0x04e1a99f76658931ef68f1b6a948378834282954,28,6,4,3,15,0,0.75,0.0,427334877628463.8,1051.5622250860358,1053.4007584006133,606
0x04e1d908395d64f429d57b7e848e4b63b1cdd91a,2,2,0,0,0,0,0.0,0.0,2.037234977658122,0.0,0.0,504
0x04e2100602d434733dd26d5a4d17257a89038df9,1,1,0,0,0,0,0.0,0.0,1.1161247677219206,0.0,0.0,502
0x04e2b5c5d91f7f630d36142043d8a1752af689c0,4,1,1,1,1,0,1.0,0.0,4056299303719259.5,891693130782345.0,891693130782345.0,1000
0x04e40c8f0b5c7e71d2eaca55387405326d533f56,44,22,11,0,11,0,0.0,0.0,3724681131664730.0,1662441194833519.8,0.0,544
0x04e45ee310048f79d0eb1d7efedaa45c1973dcc1,6,2,4,0,0,0,0.0,0.0,218802373183986.78,105.24187007442939,0.0,504
0x04e492d349e82cafdc314cc0d966592b6ee9df11,675,244,183,149,99,0,0.8142076502732241,0.0,3.465701871943904e+17,2.7786657954346936e+16,2.5931333811081108e+16,1000
0x04e51339af9f53915c2ad3a955b13c9ba5a67433,26,13,5,3,5,0,0.6,0.0,2.8305502328872307e+17,2.1364843807141107e+17,2.1216215008500864e+17,1000
0x04e545de9c2079cc8b219c9a4fa15c9d0d1ff73e,1,1,0,0,0,0,0.0,0.0,1.1064606846863376,0.0,0.0,502
0x04e55a3ae9d3083544409b1bb9809f983f67fbdf,18,3,2,4,9,0,2.0,0.0,2010328836406868.5,1005136503601001.9,995709492120393.6,1000
0x04e5b03ac3867124c0ecf5f079cf68abbd158ff7,2,2,0,0,0,0,0.0,0.0,586945842482823.8,0.0,0.0,504
0x04e62093139964b4f730dd93634ad193dc13ecca,1,1,0,0,0,0,0.0,0.0,328751354356504.4,0.0,0.0,502
0x04e68b05315dffd1b2ab7bbd2efec17623835017,2,1,0,0,1,0,0.0,0.0,1039.0280286690393,0.0,0.0,502
0x04e6cc49e0aeb43a93278ab30be2fb6dc8911e18,1,1,0,0,0,0,0.0,0.0,3956281200542.883,0.0,0.0,502
0x04e6e7c324cfb56173d2028e18bf3207b169a71a,28,13,7,4,4,0,0.5714285714285714,0.0,633717938010204.6,1152.6420711101202,1152.751167616064,606
0x04e81e32966b75f900c2aa2bf7f0c31f75c11310,2,1,1,0,0,0,0.0,0.0,21581342180.653393,4996746535.570412,0.0,502
0x04e890472a98d3770cd1b14c3717eb39a4978d0b,1,1,0,0,0,0,0.0,0.0,1.0976178960209537,0.0,0.0,502
0x04e8a3412d46f8625005d8e320c45b6f3c0242df,17,11,2,1,3,0,0.5,0.0,10814746674353.5,1806.6385443030026,1799.2219077848758,592
0x04e9191932a0f33c8c13eb760727139f73d3f0e0,1,1,0,0,0,0,0.0,0.0,1081001879400.3033,0.0,0.0,502
0x04e9601bd84b0934af81475670ae5d0ab5e4b9b9,26,17,5,1,3,0,0.2,0.0,6806413112249.071,128447.24667559392,5404.9366389246,611
0x04e96cdcfbcce8c972c5f976117784933e0cc6af,6,4,2,0,0,0,0.0,0.0,1194690277867.542,0.2018448832310957,0.0,508
0x04ea240f764d8784d76485863ee5accf9e336f9e,19,5,4,5,5,0,1.25,0.0,92.70394035814084,63.50873205647585,63.29623358308123,650
0x04ea49503f7426021b1f1f82ee6ade6afa30b79e,2,1,0,0,1,0,0.0,0.0,84285638097587.61,0.0,0.0,502
0x04eae81b5fc871555f850f1d8c5e0c94d2791760,2,2,0,0,0,0,0.0,0.0,2.259609878203448,0.0,0.0,504
0x04eb9b28d200a20337a5383b02f8b19cd419f577,58,26,10,8,13,1,0.8,0.017241379310344827,8489350525221075.0,81518735257388.92,1223.6808063938342,659
0x04ec042478e6aa2a0a655edc088f3cc39cf0a7dc,13,8,2,1,2,0,0.5,0.0,45713881835726.01,11596.67410572045,11589.70711399825,684
0x04ec067d7fc89512e7b585fde128b0e5c423cf0d,1,1,0,0,0,0,0.0,0.0,1035674240722.9858,0.0,0.0,502
0x04ec1f418d38fb0f849d62eacf9727ad9f8e410c,20,12,7,1,0,0,0.14285714285714285,0.0,6.57328510383149e+16,28100.429631169663,1001.5816064217593,551
0x04eca276ed3206f92fc117deea34b7b02d95a805,2,1,0,0,1,0,0.0,0.0,1227.8232406629302,0.0,0.0,502
0x04eca8193ca0a4ea0b368ad36d79eba7654262b3,22,7,4,4,7,0,1.0,0.0,1.6051689642776928e+16,9990776796805866.0,1.0080138158472764e+16,1000
0x04ecaede106078c2948534c5fdf128941c7fb638,3,3,0,0,0,0,0.0,0.0,50852743811924.88,0.0,0.0,506
0x04ecb5f063d5ffbaf3268af1a3ccaac296f74121,11,7,1,1,2,0,1.0,0.0,7.404645675420326e+16,5.88548396704504e+16,6.04845845775947e+16,1000
0x04ee01137811d587ecbef9262a8db2248666f341,7,0,1,2,4,0,2.0,0.0,0.0,5015.887108259136,10031.775135109616,806
0x04ee10fd378f7cad5ac5751d7cd0f42b13ee3b76,481,294,31,37,119,0,1.1935483870967742,0.0,3.937993059442203e+17,9.265618639582194e+16,5976638861306001.0,1000
0x04ee321ee32021c6607a5e6421b3e09008bebc08,3,2,1,0,0,0,0.0,0.0,2273047587668.7935,111918143764.73717,0.0,504
0x04ee3685ad086d8b06d07ea3a32a69e449b7bd26,2,2,0,0,0,0,0.0,0.0,2.044367283388083,0.0,0.0,504
0x04ee3835955923dd6d2ff0329e9c1a18da6b4380,2,1,0,0,1,0,0.0,0.0,273119814451621.03,0.0,0.0,502
0x04eefaeb6f90a5627dba307c15a65acf3e589573,23,6,3,4,10,0,1.3333333333333333,0.0,19508.415061498643,16489.767600656087,18021.82231117189,837
0x04efc3225aa96a0fcb977bfbada6712f99310545,8,0,1,4,3,0,4.0,0.0,0.0,479.8018291500661,960.8237273469742,921
0x04efe4bae2f7deedf8732cb2bc073e13bf8b5cef,1,1,0,0,0,0,0.0,0.0,1.104919290109667,0.0,0.0,502
0x04f004eb2431e8f79fe0c671c807ecb2f5cc71ff,29,14,3,3,9,0,1.0,0.0,1558001208211941.0,100164753254021.52,100825387440922.06,1000
0x04f045ffe6b1bfed1f8897fbe64cee0e08c55b28,1,1,0,0,0,0,0.0,0.0,227496874523.70282,0.0,0.0,502
0x04f0cc7872e3a366fc937c3a1bbe11bb8d425dbf,1,1,0,0,0,0,0.0,0.0,1023151209300.5437,0.0,0.0,502
0x04f14602b7d1fdaa374aef914bb161e5cbeba6e6,180,87,34,26,32,1,0.7647058823529411,0.005555555555555556,5.413846723516151e+16,2.27577374461128e+16,1.959381233128073e+16,1000
0x04f1d25968cc1ad76e773d1b06acee6c502c93dd,149,56,39,22,32,0,0.5641025641025641,0.0,1.1807144920288772e+16,2470261160660787.5,695697830082507.5,1000
0x04f1fc616db817879898aa1635d574593f227b4e,145,74,54,10,7,0,0.18518518518518517,0.0,2.0633449612527824e+16,1093306302935412.2,4866.077595512919,745
0x04f240a979ad95e8a88286515c2d8599f28d71b5,1,1,0,0,0,0,0.0,0.0,4754373148.44654,0.0,0.0,502
0x04f254950c0edc6c302d0dfbdd247b2ebf303a7b,1,1,0,0,0,0,0.0,0.0,1.8076441894087945,0.0,0.0,502
0x04f2622ab4624a554e3c036cce245508d10a24c4,3,3,0,0,0,0,0.0,0.0,4.479502841978379,0.0,0.0,506
0x04f273dde0c27ae188f81246bbda93f444cd9dd3,10,3,2,2,3,0,1.0,0.0,164.39249970575838,73.37512439776471,73.3751415129359,612
0x04f2c1bc52e361bc08d4561996a9f2bd55673be0,3,3,0,0,0,0,0.0,0.0,2.1215701982471478,0.0,0.0,506
0x04f34aafd1cb080f5ad336532223c3a058b3f0b6,2,2,0,0,0,0,0.0,0.0,375536023319.2832,0.0,0.0,504
0x04f36041728f59a4826229f8887aaacbd7ad4ab7,1,0,0,0,1,0,0.0,0.0,0.0,0.0,0.0,500
0x04f3b912d38ca5a151b69d7e00df3535fdbea00c,1,1,0,0,0,0,0.0,0.0,1.1017110519185693,0.0,0.0,502
0x04f4a65b8953363a618e63802ffec52341ae2418,2,0,0,0,2,0,0.0,0.0,0.0,0.0,0.0,500
0x04f4d6f45d2132ab59a825b0ef294eef87a652bf,30,18,7,0,5,0,0.0,0.0,482119172217691.44,177499311003965.34,0.0,536
0x04f5a06edf6a92e77d6aa12bdb2c5c7517553fa5,6,2,1,1,2,0,1.0,0.0,263.93727503212784,159.52968620716373,159.71693792609045,608
0x04f5c67be870758e6d5200a15f7722b471ebb821,10,5,5,0,0,0,0.0,0.0,6728328842359.078,3361957833012.464,0.0,510
0x04f648bb839033bba7c6341529bd7dd6fd6d413e,148,62,31,29,26,0,0.9354838709677419,0.0,3.250161860196291e+17,6.403200493644296e+16,4.405284114691817e+16,1000
0x04f697d98ce1f8474e39080cd83f5f6c0c1c3566,1,1,0,0,0,0,0.0,0.0,1107532781964.8738,0.0,0.0,502
0x04f6bf8745b567f40cc01a330f128b6a4924ee49,1,1,0,0,0,0,0.0,0.0,1598826415130.1228,0.0,0.0,502
0x04f7668e8c18066cb8f5c808abc6a31776d45b50,1,1,0,0,0,0,0.0,0.0,1.1205213877679288,0.0,0.0,502
0x04f8dbe39e3bc4bbdf514563f1e63acd040edcae,2,1,1,0,0,0,0.0,0.0,19645380900036.06,6046694170754.933,0.0,502
0x04f9badc15f3c5af9851b72753bf3f81c138199d,1,1,0,0,0,0,0.0,0.0,125087036830.84904,0.0,0.0,502
0x04fa883269422682eefb7dda4ebfd66859e0fe63,2,1,1,0,0,0,0.0,0.0,75047012400.00012,15009402480.000025,0.0,502
0x04fb136989106430e56f24c3d6a473488235480e,474,279,160,20,15,0,0.125,0.0,1.7048395948865773e+17,160017.62535445153,19161.484646409495,1000
0x04fc359e0a815db4ee2498873da41a0143a594aa,4,1,1,1,1,0,1.0,0.0,3.2767135037217028e+16,592804.0318256752,592804.0318256752,1000
0x04fc43e8f4da7fbae135cb0ae73b8913d8e044d8,97,57,12,11,17,0,0.9166666666666666,0.0,1855791947967778.8,705.3817387576344,707.491379926525,745
0x04fda72d3a0dbbfa6793a604cedb5e5631750df2,2,1,1,0,0,0,0.0,0.0,0.5080493744366643,101368076629.60146,0.0,502
0x04fdac80b3ca0b9066bd275f176dc807e3908a8e,66,21,8,10,27,0,1.25,0.0,4601523873647405.0,8230.856014759085,8243.528289577742,779
0x04ff89258f0a198a5e4eae633e23ec775c9e9bd1,1,0,0,0,1,0,0.0,0.0,0.0,0.0,0.0,500
0x04ff9dd102dedd2eff35669ee390088e7fc86799,2,2,0,0,0,0,0.0,0.0,268541904157677.28,0.0,0.0,504
0x05014b4f8d9230eee9660f5f6eba4f0597d6bd86,2,1,1,0,0,0,0.0,0.0,18220964255.562683,4422564139.69968,0.0,502
0x0501ce52054d546b62045da91647212e00d85f9e,4,1,1,1,1,0,1.0,0.0,1.0456131373687668e+16,666739104217567.4,666739104217567.4,1000
0x050484aa3d8c76fe796065d087d27ec6f65eeb2e,1,1,0,0,0,0,0.0,0.0,1.3588747252874587,0.0,0.0,502
0x0504cced39e796912c3561e419d9853f2c8edb46,2,1,0,0,1,0,0.0,0.0,2200296780934803.0,0.0,0.0,502
0x0505116ac892a4ef2aa69c564ce9e979ed64b365,1,1,0,0,0,0,0.0,0.0,1206780507153.7278,0.0,0.0,502
0x050549548f99459d428600bee674a74694230e66,2,1,0,0,1,0,0.0,0.0,1047.4704745050499,0.0,0.0,502
0x0505a6505a8eccacaa8df452a8cef062ccb5009b,1,0,0,0,1,0,0.0,0.0,0.0,0.0,0.0,500
0x0505bad45bc350d3fdcd670800343626696d5ec6,38,19,7,2,10,0,0.2857142857142857,0.0,361920581579019.6,240.51331068244986,2.926319324266216,572
0x0505d4ef991d3b14402e72e1ab9e3aa59f55f922,1,1,0,0,0,0,0.0,0.0,2803928219613.2495,0.0,0.0,502
0x05065b24176036224ef342720c6ed16dbd63e60e,1,1,0,0,0,0,0.0,0.0,9135062203944.277,0.0,0.0,502
0x05066984aed3b7fc5416009da73b484ed6ad32a8,3,0,0,0,3,0,0.0,0.0,0.0,0.0,0.0,500
0x05069a643656f4d38df42b054c3c25ce75c53cfb,129,65,13,13,37,1,1.0,0.007751937984496124,4956613860018460.0,357281570113896.2,149697823810303.38,1000
0x05070c5b87fb811ad523053e8d0ddc1de663676a,13,10,2,1,0,0,0.5,0.0,3.4593486374057784e+16,4869442598086116.0,594723701392992.5,1000
0x050720de5b724af8082190ae387174f5fe472d4b,12,3,2,2,5,0,1.0,0.0,1042.2257330339507,542.5123465647739,542.8180473833878,617
0x050748fc07e2d0d53700c064080b9602ef427af8,2,1,1,0,0,0,0.0,0.0,340957138150.31903,170478569756.7891,0.0,502
0x0507e072424cfede022924eb8e6ad3e26144dbaa,2,1,0,0,1,0,0.0,0.0,108.88901237958787,0.0,0.0,502
0x0507e9f881b32d9d03b58f5e6830ddc8298c12a8,1,1,0,0,0,0,0.0,0.0,1.7010860267109378,0.0,0.0,502
0x0508c3a6cb083b03d760a2cd7bd28a0a32a63e84,288,117,88,48,35,0,0.5454545454545454,0.0,1.124594410790673e+18,7.11246480167366e+17,3.7906773116032166e+17,1000
0x0509083749716b68f0fdb490a59ca62f2cffebb9,304,0,0,0,304,0,0.0,0.0,0.0,0.0,0.0,500
0x0509136da13c1775aa7237d63a63f435cdb23197,2,1,0,0,1,0,0.0,0.0,39.33427974480078,0.0,0.0,502
0x05097c27631f3c41237c7abef075c4b8e281eae7,134,49,57,10,18,0,0.17543859649122806,0.0,1586005060966434.0,1.1706694721770714e+16,1.2400744424005456e+16,1000
0x050ac21c63ee3edddbe27bdaa7a87b0c9f5fd75b,3,1,0,0,2,0,0.0,0.0,1539316376374.9717,0.0,0.0,502
0x050b2acf987f60bbfac8a8312a5c84c781058b52,2,1,1,0,0,0,0.0,0.0,82209961088000.11,35.55986758800004,0.0,502
0x050b4bb9be40ce8f0780b3a4d119b6561a14caf9,1,1,0,0,0,0,0.0,0.0,178186678658.9389,0.0,0.0,502
0x050b9861eb66bbee28c7057c7af7b1a33ca50730,1,1,0,0,0,0,0.0,0.0,223545771451.1443,0.0,0.0,502
0x050bcc773c1dd7b78624291f1ca3facb690ef09c,30,11,11,4,4,0,0.36363636363636365,0.0,8035845575778100.0,1516418156610865.5,1558147574071377.5,1000
0x050cec6a33d5ee57eaaa8124bdb9bcb7e0d817db,6,3,1,1,1,0,1.0,0.0,56513875502.57525,0.028256871398154405,0.028256871398154405,609
0x050cf8ea7593b7bb1f51c191dbcb75bfba775951,1,1,0,0,0,0,0.0,0.0,1.0127922680472974,0.0,0.0,502
0x050d9f92aaad5c4fb676e3e4f233e18e6f167698,79,51,16,5,7,0,0.3125,0.0,774782779797140.9,99864371243286.03,99864388453066.92,1000
0x050e68c5c08af60e96a029790429280173a0e3ae,2,2,0,0,0,0,0.0,0.0,2.2521683489091147,0.0,0.0,504
0x050ee024a0ffd8b9bd383271835b27dd66c3fec3,442,183,138,76,45,0,0.5507246376811594,0.0,1.26735299838639e+18,3.439313762674955e+17,2.6022924822507062e+17,1000
0x050ee970027f0aa640f5aa9c41711cc0c8394c08,1,1,0,0,0,0,0.0,0.0,0.991410675327593,0.0,0.0,502
0x050eff11eb0b016fd8cf4d4f564584626f09ee60,8,1,2,1,4,0,0.5,0.0,600124707000000.1,349.8511729969824,350.5116038811955,558
0x0510840e9e4c409e787032092cd6b5e254ac7398,1,1,0,0,0,0,0.0,0.0,146013624364880.7,0.0,0.0,502
0x05119e9c19a50e66cc085b2dd2730897f470747f,8,3,2,1,2,0,0.5,0.0,720818135866076.4,1245.5786864937497,20.073364783216572,559
0x0511ff29c615e4b1065da22819195b7080a1ff28,16,6,3,3,4,0,1.0,0.0,2067185387151.953,179.63367375808275,71.03455119669704,621
0x051203d8cbd5bec7c146f2069732f2f702090bc6,2,1,0,0,1,0,0.0,0.0,1.6488153254381213e+17,0.0,0.0,502
0x051223e88f14ac86df41c922708e5cefda143be9,1,0,0,0,1,0,0.0,0.0,0.0,0.0,0.0,500
0x051322e63857114edb8fd44e4bc3f857455a04f7,9,4,0,0,5,0,0.0,0.0,273171011033089.72,0.0,0.0,508
0x0513daff1a6ce3102010486fef7d04b2c58b48e3,1,1,0,0,0,0,0.0,0.0,1.0680631453140743,0.0,0.0,502
0x051464267416f04a0b38b081f7f6eb150a588dfb,48,25,9,4,10,0,0.4444444444444444,0.0,1.8383490488620356e+16,25262.19622087384,15804.75595224169,764
0x0514b16bf0189ad858d11a0d07ff2c9184b43725,1,1,0,0,0,0,0.0,0.0,1.1038304599263296,0.0,0.0,502
0x0514b5bc8f8e08e9fbbab3485d7c2da554b689fc,2,1,0,0,1,0,0.0,0.0,4362.380094773808,0.0,0.0,502
0x0514f902f3334cd844e622604adcf9925889482c,1,1,0,0,0,0,0.0,0.0,27478740208.46537,0.0,0.0,502
0x051682b8fe0c234966e0951432375155b292a5b4,2,2,0,0,0,0,0.0,0.0,2.2348542532051976,0.0,0.0,504
0x0516cf37b67235e07af38ad8e388d0e68089b0f2,1,1,0,0,0,0,0.0,0.0,1017666875921.8944,0.0,0.0,502
0x05182e579fdfcf69e4390c3411d8fea1fb6467cf,9,6,2,0,1,0,0.0,0.0,429587285219203.5,106579727901265.84,0.0,512
0x051886c7bef4b86906cb0994f14a4f6a1d120a7b,4,3,1,0,0,0,0.0,0.0,1952400995657603.5,72865833996680.81,0.0,506
0x0519064e3216cf6d6643cc65db1c39c20abe50e0,1,1,0,0,0,0,0.0,0.0,2.463293716456702,0.0,0.0,502
0x05190ff26392bd741bb32dab2e595c91f5fb3fbe,1,1,0,0,0,0,0.0,0.0,1301962257.804045,0.0,0.0,502
0x051a3190c9342211eb311723b23b8c7cbd7b5a5d,4,3,1,0,0,0,0.0,0.0,1678480918122259.5,491047261933290.4,0.0,506
0x051a6bf6bd50213d8b14f77dd427be815526f4bb,1,1,0,0,0,0,0.0,0.0,1.0987794415303487,0.0,0.0,502
0x051a6fe65a216f7707a920576fbcbf5f5793d1dc,2,2,0,0,0,0,0.0,0.0,0.9940199172327224,0.0,0.0,504
0x051ae28151a68cceea5e234694b82c913a802fb9,5,2,1,1,1,0,1.0,0.0,558370772774609.6,64.21291734991954,63.48133625141647,607
0x051b2dead3264561e278a155911993dd2bfcbc81,4,4,0,0,0,0,0.0,0.0,3319383608123371.5,0.0,0.0,508
0x051b903060920fc5751479a85ad5340587267a53,39,18,7,7,7,0,1.0,0.0,7136933716380723.0,1577294462706301.2,300967063331437.8,1000
0x051ba1cf67593ea9e697a1039c549cc94660c4b2,24,9,8,0,0,7,0.0,0.2916666666666667,9785416573266048.0,4506101471094855.0,0.0,424
0x051ca9ee1263a1d2a6d25d7c284a2ae9c3edbd7b,6,5,1,0,0,0,0.0,0.0,2473357194532730.0,590996585926830.2,0.0,510
0x051cab78ddf14edf3e1d1f7c2603a0678c2391fc,1,1,0,0,0,0,0.0,0.0,140182195999.73846,0.0,0.0,502
0x051ccd4de7b36fcfeb4dc27d41c1072e49be2b23,2,2,0,0,0,0,0.0,0.0,22.16908170929248,0.0,0.0,504
0x0520e146a8eb11276ae1b4afdb9ab02bdb27b831,9,2,1,3,3,0,3.0,0.0,225042428783503.6,8792.675792133774,17579.807701846396,988
0x052108739ecbdd1d5403b0a2b355ec923f571f00,1,1,0,0,0,0,0.0,0.0,1.1065205649045815,0.0,0.0,502
0x05213c2454da275bd773f84ba56d9c10642c7df1,1,1,0,0,0,0,0.0,0.0,1072377760623.3202,0.0,0.0,502
0x05220a8663909f5f2bd9ceb393d7f7bd7383c8af,2,1,1,0,0,0,0.0,0.0,560865078387.132,280432540238.6472,0.0,502
0x05221bda932f2114920efcb7a4912c9168414b9d,1,1,0,0,0,0,0.0,0.0,1153388575126.2466,0.0,0.0,502
0x052284d77bd1c34602ecec02b72ac2017e18d87e,107,60,0,0,47,0,0.0,0.0,940.7221274067657,0.0,0.0,620
0x052370f3278cd2ad96be34bacc1748ebf8c99056,53,2,6,39,6,0,6.5,0.0,1.4106678138245126e+16,8037.754184833543,1695.7324906936321,1000
0x052448ee943e1779101704f81e1284e4862d1942,3,2,0,0,1,0,0.0,0.0,2445278962502568.0,0.0,0.0,504
0x0524849b35de1273b41918ce5c0f5b260a4bd033,56,25,11,6,14,0,0.5454545454545454,0.0,1.63645012204107e+17,179915.64360221385,179368.53443720774,1000
0x0524c91701fcc461c90b3120769b5f295f706a16,41,13,7,6,15,0,0.8571428571428571,0.0,4920147731015619.0,1979680116720789.0,1980571404544782.5,1000
0x0524e7c0c1ae860b58089c747544db7393a0e5d9,19,12,5,1,1,0,0.2,0.0,1681920889199974.2,26884291722445.316,18.734474825080103,547
0x0524f2b8765ee3a1a033311ddc9e2dcaad34b8c3,83,73,2,1,7,0,0.5,0.0,891970146010551.0,100.10068290108407,100.13742751758203,700
0x05250b39a5c97c289c79ce2c83f3af8dd60aa438,6,2,1,1,2,0,1.0,0.0,1791733769868867.2,895866884934433.6,1027196876911419.2,1000
0x05255995c8c766e4f71c48c0dd3c3e001d9a34d2,4,1,1,1,1,0,1.0,0.0,1.5204233281710404e+16,4591.941072825123,4591.941072825123,650
0x052564eb0fd8b340803df55def89c25c432f43f4,7,1,0,0,6,0,0.0,0.0,1394649.6430206497,0.0,0.0,502
0x05264ed450de7be1e0a4aeda3fb73d23e2abeb7e,8,3,2,2,1,0,1.0,0.0,948062759178461.1,360.29297996647716,360.9679623561668,615
0x05275affa4b235deacf99e490f3834273c15ea8b,281,104,50,55,72,0,1.1,0.0,7.296276075566312e+17,6.006967054737627e+17,6.000506000492155e+17,1000
0x05279be7b95aadfd686d24fcf6740869c81b7532,98,30,22,20,26,0,0.9090909090909091,0.0,8477141741466413.0,5147225541341461.0,4616931151941345.0,1000
0x05282c4ea521f6fd25e1b9c76473cea27bf6c978,2,2,0,0,0,0,0.0,0.0,2.1116972101756497,0.0,0.0,504
0x0528f588718437c2bd3d9e4e1965bd570a4c7d6c,5,3,2,0,0,0,0.0,0.0,140968329477546.3,153.36536261034735,0.0,506
0x05293c6f76202cf49be925f9a0d33683d98cc4e3,13,5,5,2,0,1,0.4,0.07692307692307693,126217142346012.0,372757799371338.75,257972317734772.8,1000
0x0529f37ba9fd772949d3652253dd2f1dfc1c5e51,2,0,0,0,2,0,0.0,0.0,0.0,0.0,0.0,500
0x052a44f7e4213413b9b9440ded0175a3b43bffc1,3,1,1,0,0,1,0.0,0.3333333333333333,48259621641463.15,37300898205569.34,0.0,430
0x052aa8fc90fb8b964a6b64440f0f3d2c76ab22c1,1,1,0,0,0,0,0.0,0.0,236643281646.06638,0.0,0.0,502
0x052afaf0299673d62d22fd60d585fb6f0284ec47,8,3,3,2,0,0,0.6666666666666666,0.0,1.012106849204126e+16,1005638032105489.5,1000650343718603.4,1000
0x052b70ff5218bad93364a7ddfe87d0e718417ad6,6,0,0,0,6,0,0.0,0.0,0.0,0.0,0.0,500
0x052c68abe8e4bf0b78925e488b98f6fdc18a3af9,9,5,0,0,4,0,0.0,0.0,22034.667017707063,0.0,0.0,510
0x052c84174b1cb5537644b54db4ddb01cbd45c209,6,6,0,0,0,0,0.0,0.0,17.94697204109024,0.0,0.0,512
0x052ca94ed9ccfe1f84844ec9b4705c13279f1fd9,30,5,7,8,10,0,1.1428571428571428,0.0,1279880108174076.8,749234335154445.2,751155354865506.6,1000
0x052cd92257aa17b3f965c4b0d3f51f0d223c6950,4,2,2,0,0,0,0.0,0.0,856255000434.9285,22383628752.947433,0.0,504
0x052dbf52c7343268d5fe56d226ddc0405d762018,1,0,0,0,1,0,0.0,0.0,0.0,0.0,0.0,500
0x052dd804d18dc7069beda8d0131e9675adcd28ac,1,1,0,0,0,0,0.0,0.0,1380246534231.4434,0.0,0.0,502
0x052ddf34b4f7e8754425958ff14ac8b5ae4c4e5a,15,4,7,2,1,1,0.2857142857142857,0.06666666666666667,3227722829831827.0,1943.5927053972976,957.4119849925979,533
0x052f348a45620f2c26926d2b58548c7eaeadf870,166,80,16,13,57,0,0.8125,0.0,1.8884365330906854e+17,7399572339143807.0,7396031004411279.0,1000
0x052f3e2d4982fd668783f2a04c17a2235c003fae,4,1,1,1,1,0,1.0,0.0,2880873229794684.0,771946723584600.5,771946723584600.5,1000
0x052f97b6d5fbb925ec65f963bab19b444798b568,13,7,4,2,0,0,0.5,0.0,310315316576188.1,118.17618873257553,118.02008028781461,571
0x052fc1d7121066a22c03f9332afca1653e0942e3,2,1,1,0,0,0,0.0,0.0,778476841516.6388,389238429854.01605,0.0,502
0x053100aa9ed77bca3ed27573ffbad2b7faa72a79,1,1,0,0,0,0,0.0,0.0,1016925485322.3542,0.0,0.0,502
0x05315653e6e5bc09c383e71062a1387e1c5ce341,9,4,1,1,3,0,1.0,0.0,6831699548510.251,1.9975697208000032,1.9975707195848638,611
0x05318780cf680ef49f9aa4edb40b628462029bd6,32,12,10,4,6,0,0.4,0.0,2363362860556.5957,1157636970910.447,1161995624632.655,1000
0x0531f17900e2f7f4154becfeb0516007a09729ea,4,1,3,0,0,0,0.0,0.0,80793.60725290145,249.97781479362712,0.0,502
0x05326fde303451b63753075f3c091df65f9b971f,1,1,0,0,0,0,0.0,0.0,1.1049005423510667,0.0,0.0,502
0x05327ca0590e721d5af0549ec40415d05155a2a4,25,16,3,3,3,0,1.0,0.0,8100768418674120.0,9490.97348590346,7014.652938097047,711
0x05330bd13edbd6bb1f1ebede8d9f8b0fa592f0ad,1,0,0,0,1,0,0.0,0.0,0.0,0.0,0.0,500
0x0533abab4129b3a44ac45c8267d964cbfd5177f1,40,14,6,4,16,0,0.6666666666666666,0.0,810966286882831.5,608.367684286586,304.9150448670433,609
0x0533f08678d7d469891b7c0e99a2de74a062dccb,2,2,0,0,0,0,0.0,0.0,4907331764013.717,0.0,0.0,504
0x0534dcad8d4644b71c3d55ac6cb39b0cf7db207f,16,0,0,0,16,0,0.0,0.0,0.0,0.0,0.0,500
0x05357b87b83de577fbd15bf6db068bdf364268cf,1,1,0,0,0,0,0.0,0.0,1.134370890621333,0.0,0.0,502
0x053595adf7b7058a39ff8aca7184f947232be62b,2,2,0,0,0,0,0.0,0.0,388514345076285.06,0.0,0.0,504
0x0535da1ef42327b93c5e5b66899f492e115265e9,1,1,0,0,0,0,0.0,0.0,1.3838957958164404,0.0,0.0,502
0x053671da56cb9f5c55698244c95fcf1c706a54e7,1,1,0,0,0,0,0.0,0.0,2974851894.990375,0.0,0.0,502
0x053688942c0eace50fca3f5629aa12024c09c954,24,19,2,0,3,0,0.0,0.0,5092090648202198.0,998.8504741657761,0.0,538
0x0536c03dd61edd33916990937ee83396214af259,2,1,0,0,1,0,0.0,0.0,1304.5749817717272,0.0,0.0,502
0x05372e0a7e9dfd298d104e33c1b04dd6952325ce,1,1,0,0,0,0,0.0,0.0,1.1419816417124673,0.0,0.0,502
0x0537662ab0a0ac7d63898be68d4510bccecf67c6,1,1,0,0,0,0,0.0,0.0,1.1138716523706707,0.0,0.0,502
0x0537cb86f771fe6f73655d06462547dccfc48709,2,1,1,0,0,0,0.0,0.0,40362907480.17526,5425121973.141836,0.0,502
0x05380b11e7518ac65774cf791ff2bf62f52932c6,1,1,0,0,0,0,0.0,0.0,245173302353295.2,0.0,0.0,502
0x0538146cff9325928f6394661fd6d0cc5b792edb,37,8,14,8,5,2,0.5714285714285714,0.05405405405405406,7969516883159881.0,1559276913466036.5,1551778272677426.0,1000
0x05385d702678e30c71fe795f9193fc12e1bd37b1,54,22,17,7,8,0,0.4117647058823529,0.0,1.3794717324024876e+16,674927413532273.6,647485304783700.8,1000
0x0538799ac9376cdd43c8a4fcb7541f395ddb70a8,1,1,0,0,0,0,0.0,0.0,0.09935904548103772,0.0,0.0,502
0x0538e7533263c20b597c170926c49cf5648cc478,1,1,0,0,0,0,0.0,0.0,1.0410544776429345,0.0,0.0,502
0x05390ba1f2c390fb4c69a252f9292e06552e76b0,10,5,3,2,0,0,0.6666666666666666,0.0,607711476966141.0,200.36826736622606,205.134131551118,584
0x05393e3a9e6bedfb8d42af2e4087c7944359619a,29,17,6,1,4,1,0.16666666666666666,0.034482758620689655,2.7366133249332864e+17,2.2256958411862272e+17,91240410156301.7,1000
0x0539b872df4e0bb8a7ff8566d61aa08530009e0b,13,5,2,2,4,0,1.0,0.0,2028791486612992.0,1402667777845491.5,1397550257887568.0,1000
0x053a19dbc9fd177b7d71de03d9ff7475e89f9d53,13,7,1,1,4,0,1.0,0.0,1739398312604438.0,200.8335024089553,200.3479324916471,619
0x053a7bb6ac7d9948fc73758f4b817699225ee9ae,2,2,0,0,0,0,0.0,0.0,1086259038806.4888,0.0,0.0,504
0x053ab16a247321e312f3a8a2a0a8abda48707241,21,4,3,4,10,0,1.3333333333333333,0.0,1.0607199091452986e+18,499680.5083478503,399469.9282788264,1000
0x053af8128054ed281c5183d435434cc043859160,2,2,0,0,0,0,0.0,0.0,7285724763916.552,0.0,0.0,504
0x053bb067126b2641a3696d0849b6957e99344530,9,5,3,0,1,0,0.0,0.0,8205421735450200.0,8061269938889871.0,0.0,510
0x053bd20363f94a4c832f7d3059fae9913558ecf9,2,1,0,0,1,0,0.0,0.0,2830500780203.2896,0.0,0.0,502
0x053bf51527d1df69a86f5362605f46cb42170a1d,2,2,0,0,0,0,0.0,0.0,2.259609878203448,0.0,0.0,504
0x053bf9ab3b044137eff39be4857eab5e3a40a239,12,5,1,1,5,0,1.0,0.0,8940086710877.207,554.2921059145395,547.1343394290865,618
0x053ca2dcbe7a5db7a86d6fadf6088bc56aa24f37,1,1,0,0,0,0,0.0,0.0,1.7738571897551023,0.0,0.0,502
0x053cd8b1c0b52ffe500807739e79cd5efe4eb00d,4,1,1,1,1,0,1.0,0.0,50.02969866205233,4.002375892964187,4.00089699879184,605
0x053d23c6a2e56621b4f3ecde0d00699a4e65b676,1,1,0,0,0,0,0.0,0.0,95266153.42650251,0.0,0.0,502
0x053d78c61cd973711447e080d9aece1805999875,1,1,0,0,0,0,0.0,0.0,1299094200461.7446,0.0,0.0,502
0x053f4977dcda4506032c5ec230c31242fd123ee1,88,45,27,10,6,0,0.37037037037037035,0.0,3.3881570336838988e+16,23727.060902092016,14465.617885953949,801
0x053fe1dc0b4635966e27def85934daf14d9b4c38,1,1,0,0,0,0,0.0,0.0,10467971054132.477,0.0,0.0,502
0x0540003bbd356a49bc2e74a3f8f872dc318dc46b,91,30,22,21,18,0,0.9545454545454546,0.0,3.195715941665938e+17,1.0219193997691571e+17,4.035038563394018e+16,1000
0x05404b6f8990a4108150366adb572a870b137edc,473,232,59,71,111,0,1.2033898305084745,0.0,1.853888888632749e+16,2731034406001025.0,2660316240157664.0,1000
0x05407ddf01b09c3a04694bf34cf717934c03209a,1,1,0,0,0,0,0.0,0.0,173388872660.9105,0.0,0.0,502
0x0540a183be580660a4c7399311b080fe13b06a11,58,13,20,0,25,0,0.0,0.0,289483892971662.94,2507670736223299.5,0.0,526
0x054161306434f11bc27a980745a7e35f5e99cc17,3,2,1,0,0,0,0.0,0.0,14916069585849.883,11024077176040.018,0.0,504
0x0542e8f95f765b81cd6a08db37d914f664db5d3e,3,2,1,0,0,0,0.0,0.0,3984960955751.308,996240238937.827,0.0,504
0x0543c0669a824f5f4c1b5af7bd7dd73112656d39,1,1,0,0,0,0,0.0,0.0,1.007210733657337,0.0,0.0,502
0x0544c10cf254eede9711b9fb6cc803ff3c3bb628,2,1,1,0,0,0,0.0,0.0,150006417667.22754,15750673864.977104,0.0,502
0x0544ca49c5b41eaa5a150f44c158ea2018dbbe97,2,1,1,0,0,0,0.0,0.0,11191814376.473717,754094659.8492196,0.0,502
0x0544d1c4276d8b42281cf967698a1501fbd8a5fd,1,1,0,0,0,0,0.0,0.0,1544288399143.2905,0.0,0.0,502
0x0545a605a6b0c42bb5bd01f918e17d7347095acc,18,13,0,0,5,0,0.0,0.0,7351505399128623.0,0.0,0.0,526
0x05463e72f20d07cc76b2380d697985964d6bfa14,2,2,0,0,0,0,0.0,0.0,2.071409731782225,0.0,0.0,504
0x0547f0b062e31e283c58fb3b178523f4b26357f7,4,1,0,0,3,0,0.0,0.0,4.222750518246123,0.0,0.0,502
0x054a164d91efa1cf07c2f682d2c9d618c9076f85,4,2,1,0,1,0,0.0,0.0,7567.364369336829,2979.5513094707903,0.0,504
0x054b08dbe43a7e1bf00a03ce4cc9bddeb356eee2,17,13,0,0,4,0,0.0,0.0,455626217404924.3,0.0,0.0,526
0x054b2fbc2a88bd6f7219de60848c85ca7783d568,1,1,0,0,0,0,0.0,0.0,1.1079098398242548,0.0,0.0,502
0x054b4084307ba341e79624c84d808740cd229b8c,1,1,0,0,0,0,0.0,0.0,1076988385582.3711,0.0,0.0,502
0x054b49656de7546c6b5b69155cf5c620618af6e3,2,1,0,0,1,0,0.0,0.0,855.0348961609637,0.0,0.0,502
0x054cd5c13b59ec46a33dc96dfb9f99d38fd94d53,1,1,0,0,0,0,0.0,0.0,1.106736133690259,0.0,0.0,502
0x054d29d18b24b116cf1ec97526fdf92244ffdb85,2,2,0,0,0,0,0.0,0.0,3103286799020.6387,0.0,0.0,504
0x054d68e679dcc51ae2f9bd66d0e260947225d128,25,14,6,2,3,0,0.3333333333333333,0.0,1.5748594436068778e+16,666702821666324.9,8156.743497410854,648
0x054e37b3dfe1cc195847a10cfe12fe9a524d594f,1,1,0,0,0,0,0.0,0.0,1.180771936675817,0.0,0.0,502
0x054e3d38670dd99c5404bd6dbb201f814d2fe4ee,1,1,0,0,0,0,0.0,0.0,1.1060024371169894,0.0,0.0,502
0x054ea615e687932d8fe9d8aa12608aa2870727ab,1,0,0,0,1,0,0.0,0.0,0.0,0.0,0.0,500
0x054ecf2c2c0e21576b16f6b9877e0d9f18740528,1,1,0,0,0,0,0.0,0.0,0.010913491586097534,0.0,0.0,502
0x054f16fa8ecc15dc47d22422d3d864eba43e87cf,76,36,23,11,6,0,0.4782608695652174,0.0,2472753224123810.5,372275406704884.1,221412128412563.34,1000
0x054f3f0b924c04cffbb7da01758916c2ec2b8ab9,57,28,10,4,15,0,0.4,0.0,1.8715645258778064e+16,144120676208334.53,12037.493926909901,728
0x054f52abacec7481b912135356da0e893af5a36b,58,15,24,10,9,0,0.4166666666666667,0.0,1810168689961997.8,69051990179210.61,69167055242865.58,1000
0x054fa0f8cde92f9fe429a514b7f050763178b064,2,2,0,0,0,0,0.0,0.0,14546322834489.418,0.0,0.0,504
0x054ff0420b375e27e43998a97a244eaa51e5b1cd,1,1,0,0,0,0,0.0,0.0,1.0937212170347552,0.0,0.0,502
0x054ffb629aae21f407a63e3ce78e9878d53c4450,2,1,1,0,0,0,0.0,0.0,111918143764.73717,11191814376.473717,0.0,502
0x055009e026b441f8c23fa03dd4956262c3e266e3,4,4,0,0,0,0,0.0,0.0,682466397626274.9,0.0,0.0,508
0x0550dec49ceb48508c847161bb2486fff347d6fc,30,15,8,1,6,0,0.125,0.0,3126647172691537.0,1920257224089681.0,1130736554173831.5,1000
0x0550f5196ec5c453f8326c7b9bbc3ae60acaac7a,18,5,8,5,0,0,0.625,0.0,404912268901584.25,190.98253757875796,183.05165221205124,589
0x0551a19e92fb396e52d65d1de668d6ed7c7d9202,2,2,0,0,0,0,0.0,0.0,9906970813.586071,0.0,0.0,504
0x0552dc10c2f60ad861a34073b6a6959776649368,5,0,0,0,5,0,0.0,0.0,0.0,0.0,0.0,500
0x0553aeaaa787ca5bbca6e172d3fde33957ff4b91,67,43,10,6,8,0,0.6,0.0,4.017654197922887e+16,2858522946760310.0,2858522946761117.5,1000
0x0553bbd6525c779c8d7b529b85c1fb04183df542,1,1,0,0,0,0,0.0,0.0,98579350236.55005,0.0,0.0,502
0x0553d865f1b279d87fe296ad28af11b02a7274ef,12,5,2,2,3,0,1.0,0.0,814150044347716.1,151088354734682.66,150111117838876.7,1000
0x055403dfcc60b0cb1205bab91a9001700a969f10,6,6,0,0,0,0,0.0,0.0,3280532117.596669,0.0,0.0,512
0x0554408aad2b092973f5b44f4325f8fd2a1d8376,2,1,0,0,1,0,0.0,0.0,10278.824673135794,0.0,0.0,502
0x05547ef01188a7ce563d44cb26391f1d24a51683,4,1,1,1,1,0,1.0,0.0,6624984771288649.0,1558.4462208826671,1558.4462208826671,620
0x055622a2fda7d6f3b813adcc70a32203e2eabc58,22,13,3,3,3,0,1.0,0.0,3.068608665000519e+16,18528.76204172481,18548.36002827428,820
0x055673880d2f505fd0a8ed40ed0bb96641100957,1,1,0,0,0,0,0.0,0.0,1.1029933302188102,0.0,0.0,502
0x0556817d5a64bff612ad0b13da3e9f026053b48d,1,1,0,0,0,0,0.0,0.0,1.0969871522717012,0.0,0.0,502
0x0556ba62cf5325e058d1ab758f76e9c0bb201ed9,17,6,1,1,9,0,1.0,0.0,5862889925331754.0,500.6655805433755,500.96972366161003,620
0x0556d8577f44cd4aa6d0fd89b6670e6ca2fa7fd6,13,7,6,0,0,0,0.0,0.0,89808895889086.34,60927847364454.234,0.0,514
0x0556e7b4190a2a17cf5d1c549b2fed7f34622a8c,2,1,1,0,0,0,0.0,0.0,223836287529.47433,55959071882.36858,0.0,502
0x055733d53eb3ddfb8395e9c9856dee0ec26283a8,1,1,0,0,0,0,0.0,0.0,2926224842372.612,0.0,0.0,502
0x0557d5aeec6f2dbffdc2a4cdce59ae3286a2e896,138,62,30,17,29,0,0.5666666666666667,0.0,3.1384539279740804e+16,3693012507379029.5,2566274124452753.5,1000
0x05580b7f012c40f0ed632cac5452baf95e1628bc,4,1,1,1,1,0,1.0,0.0,5.080493744366644,1.0160987488733286,0.9924164154348138,605
0x05587a5e2cc8e154373ad05db9738ab3e672fb79,52,23,11,2,16,0,0.18181818181818182,0.0,3203697603892490.5,104952607961269.88,1018.2555193542257,580
0x0558ce4898b68ea1fc759fbfcbdfb902138147d3,1,0,0,0,1,0,0.0,0.0,0.0,0.0,0.0,500
0x055948f72297ed3b34a97dc35fa47b318cc7514b,6,4,2,0,0,0,0.0,0.0,1450491958478653.2,412570058630635.0,0.0,508
0x055994e836a0d561af0cbc04b9d3a6682debd0c7,1,1,0,0,0,0,0.0,0.0,1.0871590533469444,0.0,0.0,502
0x0559f1ea983c22b31da99d916b69bca76ec2d860,2,1,1,0,0,0,0.0,0.0,15854237614.713926,0.0022509558575093108,0.0,502
0x055a875cd844f04a2c2ee1bb72999d7e7b40761d,379,130,80,62,107,0,0.775,0.0,3.9585582789907224e+16,5725925033919902.0,4837598067108007.0,1000
0x055acb1b90797996b4fa1f7605e74b84887e3821,1,1,0,0,0,0,0.0,0.0,340845047078662.44,0.0,0.0,502
0x055aec00dc22bfca3f2acf092148bddf218e1ac7,1,1,0,0,0,0,0.0,0.0,113.37247041067776,0.0,0.0,502
0x055b202158a09b979e283c46bf364906267b7a7a,1,1,0,0,0,0,0.0,0.0,35800688261141.414,0.0,0.0,502
0x055be3a0cff9bfefc49a270e6a4cf4ecf70b8779,12,0,3,6,3,0,2.0,0.0,0.0,1.5168254643899038e+16,3.029278305892125e+16,1000
0x055c23e9781d408895ce4d6f3f3fb6e5ad55f730,36,16,8,3,9,0,0.375,0.0,2186504190986161.0,104301774794075.53,104818765269664.84,1000
0x055c5967aaf0b69868783c0527e526b7edc3f0fd,5,2,1,1,0,1,1.0,0.2,65135021519371.266,42286134682685.234,698276591692.2527,1000
0x055d4bc9855caba4d63b3276fddb0334060c5573,4,1,1,1,1,0,1.0,0.0,1077180711354757.2,436.00812416280127,434.73614144225627,609
0x055dad607b7b17e3b51ddcaf14b69ec081bc253d,2,1,1,0,0,0,0.0,0.0,11191814376.473717,1790691182.3095915,0.0,502
0x055ec9b317dd215d37330ba8f41c70bddbf45678,127,75,34,10,8,0,0.29411764705882354,0.0,2476789227080461.5,1515207663732884.2,1448829518457600.8,1000
0x055f10edf3684e20dca3c20c063c736da702bcfb,56,42,12,0,2,0,0.0,0.0,4.701989707815788e+18,3.3497127361158584e+18,0.0,584
0x055f6af93f25e2fadcd2dd3e6bfe6cffb1bd4f83,2,2,0,0,0,0,0.0,0.0,56310689338990.65,0.0,0.0,504
0x0560f3ac84eecbcc480af7ebe93313da8f7ea414,211,72,57,68,14,0,1.1929824561403508,0.0,5.0408204655669336e+16,3.2016105833146664e+16,2.3342428299829524e+16,1000
0x0561141d896f112dddd1b23ffb86574a1a20d634,2,2,0,0,0,0,0.0,0.0,2133619533749.5933,0.0,0.0,504
0x05615d12837d86fef13a82ba9667bdf7945ab86e,1,1,0,0,0,0,0.0,0.0,1.0978189022707157,0.0,0.0,502
0x05630e6507c8cd2cffad16a4ad1e91d5cdc4d020,1,1,0,0,0,0,0.0,0.0,1.1057639047866372,0.0,0.0,502
0x0563fcc76d4a53c1eeb2ba05655035c0ed04e152,6,4,2,0,0,0,0.0,0.0,163669692792110.12,30.12337805140456,0.0,508
0x0564172c94b328dbc7e138a4e6d7214351badec3,3,2,0,0,1,0,0.0,0.0,2607079459545728.5,0.0,0.0,504
0x0564a1ad815472f0cb047f6b1b6f6003a25fe75d,2,1,1,0,0,0,0.0,0.0,15854237614.713926,0.0022509558575093108,0.0,502
0x0564b84258949c6180e6ebf4c5a8c9d3b29b444b,2,2,0,0,0,0,0.0,0.0,2.1901122540111655,0.0,0.0,504
0x0564ecd1b6a8e3475f66e3f879ac5f26e8a56bef,1,1,0,0,0,0,0.0,0.0,15854237614.713926,0.0,0.0,502
0x0564ef02d9a6c0cd54ea09a05d1075defdb44a20,2,2,0,0,0,0,0.0,0.0,47759090348829.13,0.0,0.0,504
0x05650a088669d09a70c1fbc3cea48a9ceaf33f0e,2,1,1,0,0,0,0.0,0.0,357599379607.6686,0.16028949426636221,0.0,502
0x05650c164aa6b7f73819f2df6d0dca58494f9619,1,1,0,0,0,0,0.0,0.0,1008692583980.7933,0.0,0.0,502
0x05652f73f092d02985a3acf758e2841056fada7d,1,1,0,0,0,0,0.0,0.0,218115833242.1784,0.0,0.0,502
0x0565547f1f76a5453ff27730f390689479637cb8,1,1,0,0,0,0,0.0,0.0,1158216299357.4678,0.0,0.0,502
0x0565c6ee1a948d902c45b4c4639a3c7db445a259,2,0,0,0,2,0,0.0,0.0,0.0,0.0,0.0,500
0x05679df1e0f5719dabb8cbbfd46d9513c93907d0,32,26,1,0,5,0,0.0,0.0,1.3530454127544062e+17,3794965452822778.0,0.0,552
0x0567d99a4420b8da0fd91c5ecba78955c04974f0,103,90,1,2,10,0,2.0,0.0,418667800346532.0,279.7281483410558,280.8886902025465,888
0x05682a10a7ff570e61ffc585042f3730f726c456,9,7,1,0,1,0,0.0,0.0,64933773574636.24,0.5527506015777915,0.0,514
0x05683c2ca8cda1688438c5c75568ee0e2f6e750d,21,13,0,0,8,0,0.0,0.0,6835232381437791.0,0.0,0.0,526
0x0568c540bc2382dffe1527046a2857c111840fd2,3,3,0,0,0,0,0.0,0.0,3218546610805.212,0.0,0.0,506
0x0569edc117504fa0a7fb925d63fc0f5d2de5fca2,4,0,0,0,4,0,0.0,0.0,0.0,0.0,0.0,500
0x056a2909f81c63a6b18798c335a3f593402489c5,22,8,2,1,11,0,0.5,0.0,1162926149950711.8,48169481207083.31,48422206406194.86,1000
0x056a560537b780be6a4c35079cedb77822c58d82,103,46,17,17,23,0,1.0,0.0,1.0342302633761452e+16,792373686145163.0,151816.23997897955,1000
0x056ac604d80cf08a97d6d17a6d637e02a8103ef2,70,70,0,0,0,0,0.0,0.0,260606268.42016777,0.0,0.0,640
0x056aedee9d9817627996c2e76fb08b3e180b8184,6,1,2,2,1,0,1.0,0.0,9.98343097543043,14.01903600807417,13.982414290895417,608
0x056aeeaf2edcc549796287d271aad19fa44e6203,1,1,0,0,0,0,0.0,0.0,1052586183679.2858,0.0,0.0,502
0x056b1e5ba8dbdc1ccb9f51c14551e7fe97f1e3a1,2,2,0,0,0,0,0.0,0.0,2.0195541277483615,0.0,0.0,504
0x056c440156eae478b7532a79788a69ddcea63a19,1,1,0,0,0,0,0.0,0.0,183150557586.47812,0.0,0.0,502
0x056d7935d510c740785624591be14745aec5e704,1,1,0,0,0,0,0.0,0.0,162110972321.39508,0.0,0.0,502
0x056daa8c2878e9172dcf2d7054b075acce22d515,2,1,1,0,0,0,0.0,0.0,559590718823.6858,55959071882.36858,0.0,502
0x056e5648032e696461424fefbefd5660acc56d9b,4,1,1,1,1,0,1.0,0.0,1412621717747863.0,564389686731218.8,564389686731218.8,1000
0x056eef32237b76e52da3b4268b0a77bd1c37404a,5,2,2,1,0,0,0.5,0.0,66553916099096.91,25.479172762193173,11.948928889102334,557
0x056ef71e202603e3aad84d42aed3632e995eac70,2,1,1,0,0,0,0.0,0.0,16617307853.262938,4802690131.000849,0.0,502
0x056f38256f23c1e0bf991b9eeefdfdf3eb64a6ce,1,1,0,0,0,0,0.0,0.0,71833985580.00003,0.0,0.0,502
0x05702d661c46a12e318cd412e2f164b3c35450f4,1,1,0,0,0,0,0.0,0.0,227574904378.6924,0.0,0.0,502
0x05717e961ce740ee2692a15a0f58f34825e8bb1f,1,1,0,0,0,0,0.0,0.0,89731575319800.08,0.0,0.0,502
0x0571b1369eef3221ea6769d93d48bf49d821ab86,1,1,0,0,0,0,0.0,0.0,1.0670242391386422,0.0,0.0,502
0x0571c2fc7b5024f1efbf51f529e45625e63b2ccf,2,1,1,0,0,0,0.0,0.0,1119181437.6473718,7.30433600465964e-05,0.0,502
0x0572826741f58b2ffabc6fe2b196ea77993442d8,11,3,5,2,1,0,0.4,0.0,1495762.7834673447,450190.64160021883,479258.13179594977,1000
0x0572bb5ba631fad81c3d911cdffdabdbeee2735b,3,3,0,0,0,0,0.0,0.0,38718264106.61824,0.0,0.0,506
0x057313f0809f338763ddfc005e43ca7d9fac0a10,4,1,1,1,1,0,1.0,0.0,8167400456674665.0,806364075065497.2,806364075065497.2,1000
0x05738aa4019e4bd797c4670fe66641ceaf88b2fa,25,13,6,2,4,0,0.3333333333333333,0.0,2121570625329956.5,300504658747610.1,174249881268467.3,1000
0x0573c1458426e6c0baf682596a88b1ecfd1e5b24,1,1,0,0,0,0,0.0,0.0,1016185036213.3314,0.0,0.0,502
0x05747b9294fdb5d9e4fb24250807142c82311c32,1,1,0,0,0,0,0.0,0.0,1564711262023.1445,0.0,0.0,502
0x0574d93609ad75fa73eea91576a274873d8c3079,2,1,0,0,1,0,0.0,0.0,9173.712635491893,0.0,0.0,502
0x057536f8e7ae97f17aa5fd21bd7942a7fe152241,21,1,0,0,20,0,0.0,0.0,796912914053.713,0.0,0.0,502
0x0575d52465bf30e9c0bfc3fd7256e4743a2f11fd,114,57,24,4,29,0,0.16666666666666666,0.0,6.203841226574542e+16,2546157355771092.5,3063.8610515712735,673
0x057639a8a802d8f5ce025dd6dc149ba1d17d234f,11,5,1,1,4,0,1.0,0.0,223884991604896.16,25134258950393.52,25125218478972.68,1000
0x05773554ce76136914c2623ff5a6cbf9060c9d4d,2,2,0,0,0,0,0.0,0.0,18019164958548.297,0.0,0.0,504
0x0577ba0a9145afa894becc8f2387711fd48a6e04,37,15,6,12,4,0,2.0,0.0,1.1298883428104336e+16,4400.97715924511,4406.737263156968,810
0x0577d10320eaecd294b5d92ea3c4f09fddcf9943,1,1,0,0,0,0,0.0,0.0,1020619756576.0021,0.0,0.0,502
0x05783f328f8d64bc7f230911a6605165a2300360,2,1,0,0,1,0,0.0,0.0,102.68236466110031,0.0,0.0,502
0x057880e32656dee0cacd1188cc231e13a80dac65,1,1,0,0,0,0,0.0,0.0,12790934612683.428,0.0,0.0,502
0x057abc564ba0e32611387cc3964d2c465c2018db,2,1,0,0,1,0,0.0,0.0,100.06315529861902,0.0,0.0,502
0x057bcaf22fe3994333bea7d27009ff27b95fb12f,10,8,2,0,0,0,0.0,0.0,2149338701223573.5,736.288800296503,0.0,516
0x057c1c29f1e071c8a4f92baf4255e8b76e5f8eed,33,8,7,9,9,0,1.2857142857142858,0.0,1.6120850925506268e+16,22763.7175894896,22940.494209414508,900
0x057cbdf52f285319235983ef77ad96dfc9ce9620,54,28,6,3,17,0,0.5,0.0,2.8916589976053228e+16,794287352727066.9,14083.50345129673,755
0x057d1a2b6ee1c3f1e478adb3059fd1541900e26f,11,4,3,2,2,0,0.6666666666666666,0.0,1353901403176727.0,498905175280579.25,494602409813075.56,1000
0x057d7248fcf362236e61b505868be9678b609538,1,1,0,0,0,0,0.0,0.0,0.9887981759464893,0.0,0.0,502
0x057e26424db996ccf850a5e4d52d0c2457587d7a,21,11,8,1,0,1,0.125,0.047619047619047616,2.609022961044714e+16,8251.66141589047,501.0071580889691,527
0x057f4e2ed5cddbbe33cd90e821d28c8b3ff29796,1,1,0,0,0,0,0.0,0.0,258947637600000.38,0.0,0.0,502
0x057fe25001337cdfd44a7917fb999290f93e35f4,3,1,1,0,1,0,0.0,0.0,12.001124115053114,1119181437647.3716,0.0,502
0x058029f046ce0868cd7045343d3f831feae523b5,2,1,1,0,0,0,0.0,0.0,21994998718.161392,3792241158.303688,0.0,502
0x05804c97ed9afda7533ec39f942dc2ba2d02031b,1,1,0,0,0,0,0.0,0.0,1.005734292265249,0.0,0.0,502
0x05805ef5b428b765d10916c6e65362cb141d7b35,2,2,0,0,0,0,0.0,0.0,1162145454746.6753,0.0,0.0,504
0x05808c037e9f759096cf77a7f1f50a9f01dd5c56,102,49,17,18,18,0,1.0588235294117647,0.0,1.4914714766136328e+16,7834445447254881.0,3701706080306205.0,1000
0x05810cd51a819eb4cdfa4bdba27a90feec167926,44,22,9,6,7,0,0.6666666666666666,0.0,4096265297435657.5,640060503989485.0,1681.1683788481068,645
0x0581aa730b3b1de111680591745d2a4c2ef3e064,2,2,0,0,0,0,0.0,0.0,10103472326702.852,0.0,0.0,504
0x0581da9ef60831bc65eccb0f335ec0daa80b4797,1,0,0,0,1,0,0.0,0.0,0.0,0.0,0.0,500
0x058228160fb88d755acc37e8dd0099a2a889b941,3,0,0,0,3,0,0.0,0.0,0.0,0.0,0.0,500
0x0582a627a632dbf689786b1e537d22062706baa1,18,5,2,3,8,0,1.5,0.0,451330053056959.2,120217882428338.44,120551676301299.17,1000
0x0582d6feae3fb27cb31826ea30a45f0e5b86ce7e,2,1,1,0,0,0,0.0,0.0,32562858606.060387,4994815496.772844,0.0,502
0x0583035204b3053085f8a5dd580f566bee4a89b8,1,1,0,0,0,0,0.0,0.0,1.1161569496554564,0.0,0.0,502
0x05834fc3038acb6434e5930f351947af0d6431a0,2,2,0,0,0,0,0.0,0.0,2.259609878203448,0.0,0.0,504
0x05836bb87ccfe6f364b7ec7f821bf6431ff4270f,1,1,0,0,0,0,0.0,0.0,1.1061863749403542,0.0,0.0,502
0x058440976f25ab70e3ed83980138806263e56994,3,2,1,0,0,0,0.0,0.0,111918143780.52899,27126675976.170334,0.0,504
0x058476edacb23e9507cff379e7dd8cf4dee4d2db,24,7,4,3,10,0,0.75,0.0,6.967195708940062e+16,161079.6074071714,161142.34115406024,1000
0x058494fd3ad045bf0b7af25733555c64e742852f,4,3,0,0,1,0,0.0,0.0,1343187077547.3286,0.0,0.0,506
0x0585a7671569aab97fe798ed25b3a03a148f9179,1,1,0,0,0,0,0.0,0.0,0.4586387003484191,0.0,0.0,502
0x058607160117c0a9c2af83cce266a9541ff341fe,2,2,0,0,0,0,0.0,0.0,2.0369591775018914,0.0,0.0,504
0x05861850bdb054b967c9405c4d8baef2e047473a,94,28,21,11,34,0,0.5238095238095238,0.0,1.6892406002174848e+16,2006549272244158.5,2018045159469130.5,1000
0x0587a761fac209de0d9bb6e186fa21523582d028,1,1,0,0,0,0,0.0,0.0,1.0054008533587215,0.0,0.0,502
0x05880d8210711050cd379851161297a0559fa8f3,7,0,0,0,7,0,0.0,0.0,0.0,0.0,0.0,500
0x0588fc09cfb90f057eb8bd46344ab483b7c42dd1,20,4,5,7,4,0,1.4,0.0,5438774713371411.0,1905976540466387.8,1899286746173040.8,1000
0x058996b42aeff3012d868ee5e116e8616ccd8f85,2,2,0,0,0,0,0.0,0.0,2078099466513.3657,0.0,0.0,504
0x0589a45d8e905150cb4f229cd30c54ef1202a84c,2,2,0,0,0,0,0.0,0.0,2.22908587114404,0.0,0.0,504
0x058acc4702748c7eddf2bf77831a0300f68a8660,1,1,0,0,0,0,0.0,0.0,1.1084429069598207,0.0,0.0,502
0x058ae85d9747b3003366b375b4643d51c9100d0c,146,57,40,24,25,0,0.6,0.0,2.9752977564574266e+17,2.6142654782071402e+17,2.2939137144795414e+17,1000
0x058aebff10cdc3057570cfc360ab9754da0d1241,22,10,4,4,4,0,1.0,0.0,1854016435080359.2,800650238266297.2,806054793365446.5,1000
0x058b0479324ccba9a002ab761bf74ed6ff361525,17,5,2,3,7,0,1.5,0.0,625922.4909036842,499446.03687452927,500836.7256590337,1000
0x058b0a724821bb506ebd683915829ff9db65542b,4,1,1,1,1,0,1.0,0.0,1666689778790402.2,617164800000000.9,617164800000000.9,1000
0x058b0e59b6dd493ec3a7fd35de80c2f0a761d994,1,1,0,0,0,0,0.0,0.0,0.01286942871618047,0.0,0.0,502
0x058b10cbe1872ad139b00326686ee8ccef274c58,522,257,100,27,138,0,0.27,0.0,4.168231289425791e+19,3.090979459975105e+19,4.809780306062499e+18,1000
0x058b6e3812f85da4468cf55d98361436bc8e34f6,9,3,2,2,2,0,1.0,0.0,118304899823918.44,53.53442734338675,53.67088904527401,612
0x058b7ae6b79a769d365eb52883369b6fda899ec5,33,9,7,10,7,0,1.4285714285714286,0.0,220917602978558.22,4832.934739738959,4843.231690673217,739
0x058bea196cb4c1ef5019b0ae902fe3ed1021136c,10,8,0,0,2,0,0.0,0.0,659299769821840.1,0.0,0.0,516
0x058dc0637fb47ad027cfe61c41f51bc8dd62ab74,1,1,0,0,0,0,0.0,0.0,992505362.3945881,0.0,0.0,502
0x058e6cf8872e54f8196b0dfb354344906a0798a6,4,2,1,1,0,0,1.0,0.0,186548699509682.56,50.08318840000007,50.1276732362476,607
0x0591a3e49be38e32391eec94b054e0e38857fc78,1,1,0,0,0,0,0.0,0.0,235232801843.4882,0.0,0.0,502
0x05924fea07959afc5ab178eb9de5403850299214,15,8,6,1,0,0,0.16666666666666666,0.0,2919934898277377.5,1435154674199367.5,555709802695689.1,1000
0x05928b30cdadf923980ad00655f89349d08751fd,55,14,5,3,33,0,0.6,0.0,6829560601974431.0,9185793668827.836,4601.340628646079,643
0x05941c397545b80cc196fe139b989ab1be63197c,13,3,2,5,3,0,2.5,0.0,1.8129183362458556e+16,9411905085751848.0,9400255926689660.0,1000
0x05944805b5175cc70253ae77dbe63e3702dd82ce,6,5,0,0,1,0,0.0,0.0,149559790420670.62,0.0,0.0,510
0x0595088cc2e0fca96cd7815633d0ff2cd3e7bbc7,3,1,1,1,0,0,1.0,0.0,63853813970820.16,47.82785940618348,47.82785940618348,605
0x0595228bced10a0b0f0654331c68a47f1952560f,3,3,0,0,0,0,0.0,0.0,3242653671360.3105,0.0,0.0,506
0x0595be8ecbaaed83317629be7842884fdfd72b5a,1,1,0,0,0,0,0.0,0.0,0.011796385668200005,0.0,0.0,502
0x0595dae9e1f07787c2595a87f267ab3b6c27ce7f,1,0,0,0,1,0,0.0,0.0,0.0,0.0,0.0,500
0x0596ba515818c72366468b40a93e38f8e44a4e2d,1,1,0,0,0,0,0.0,0.0,1.4034023446197885,0.0,0.0,502
0x0596fa0d5905a2ff0d1d48e5a3ccaa965e04456b,28,18,3,1,6,0,0.3333333333333333,0.0,221575797941534.8,37714076851734.12,503.1915833653839,577
0x05976ae3ab8e6b3b01039f616670d3dd18b440a8,85,27,21,11,26,0,0.5238095238095238,0.0,1.0692138908949096e+17,10727244629763.143,33802.0715543673,977
0x05986ff3f0e4c621ba6484762f2d734201c33b54,17,5,1,2,9,0,2.0,0.0,203634252939733.28,64.33210199823364,64.47846171351765,716
0x0598b27a62dfed32267c65f71d212636828a5599,35,10,9,7,9,0,0.7777777777777778,0.0,5.6506341048682374e+17,9.213450653131555e+16,9.309589719723618e+16,1000
0x0598d15a97428f9b39b1e463b84142f8cf5f1028,2,2,0,0,0,0,0.0,0.0,1113608725270.269,0.0,0.0,504
0x059949cb13386014e50039c5750b5f160b0d2778,369,149,50,67,103,0,1.34,0.0,1.4534998210434752e+17,1.2116803579103086e+16,1.1814888030588592e+16,1000
0x05995bc5736707208ebdb18bc5be812668b525b2,13,0,0,0,13,0,0.0,0.0,0.0,0.0,0.0,500
0x0599da9dc8adf0baa33b49aba6e560a9486e61c3,1,1,0,0,0,0,0.0,0.0,175025698953.96985,0.0,0.0,502
0x059a31c502a18b453acb1da46fcccc3d42509758,4,1,0,0,3,0,0.0,0.0,68603123796322.055,0.0,0.0,502
0x059ada41ed6f1b53a6e4328b2f561a43d69ddc08,1,1,0,0,0,0,0.0,0.0,1357956673729.1826,0.0,0.0,502
0x059b254553bb97ca61a99c2bbdbefb594aa94365,7,2,3,2,0,0,0.6666666666666666,0.0,11302775100119.223,1369771636944.6296,239494126932.86304,1000
0x059c258fd2f2d2883ae98da6c30cf609bfd6fc87,2,2,0,0,0,0,0.0,0.0,69105708839519.43,0.0,0.0,504
0x059c7e54771374cf7bcb433443be573e45fe07a6,1,1,0,0,0,0,0.0,0.0,12403611674.34829,0.0,0.0,502
0x059cb401dd05cd9abfe746ba3f695b41e2046914,1,1,0,0,0,0,0.0,0.0,1.1110320555784878,0.0,0.0,502
0x059df01c9ce8a32c9a278fa65306cc4ac1e77268,2,2,0,0,0,0,0.0,0.0,1999730684597.6316,0.0,0.0,504
0x059e3b842d48b5c37179903d12684b1a1ad2b1a7,1,1,0,0,0,0,0.0,0.0,1.1163510469420945,0.0,0.0,502
0x059e51c98c0a5b89624e8c1937a001dbeaceda8c,6,2,2,1,1,0,0.5,0.0,4426273884007381.0,2206882016134416.5,5935.013708806847,616
0x059ecc2543ebee56fd21209a229969286840ce3a,7,0,1,3,3,0,3.0,0.0,0.0,31139411533.50268,62442583830.00728,1000
0x059f81468793528b6ab5d33b79c6f77274f9a6dd,2,1,0,0,1,0,0.0,0.0,9784.711582803497,0.0,0.0,502
0x05a03c1a64d75016a870f5abde6c85539cd38ec8,51,26,10,7,8,0,0.7,0.0,1.3626742365994536e+16,7447.595788913679,4326.202006055854,686
0x05a082d4a4ae72304cb0518eaf460fa474f00620,83,54,15,6,8,0,0.4,0.0,1205665316285853.0,496750800002712.5,491527936486768.7,1000
0x05a08ee67f851cf618de3922d2c9da56fd7838b8,4,1,2,1,0,0,0.5,0.0,976.0065917738209,720.2807585343493,16.380642485110265,555
0x05a09bd0798c0320678f760890731fbeac9b0b62,20,11,9,0,0,0,0.0,0.0,894204108912112.1,367705853153095.5,0.0,522
0x05a0d58fe46c6f113ca23d43e73787d25c769017,1,1,0,0,0,0,0.0,0.0,0.013666021448158818,0.0,0.0,502
0x05a0fe42815aafbedf44e623d639ca097f29701e,14,8,0,0,6,0,0.0,0.0,107529572331856.34,0.0,0.0,516
0x05a120746daac8c26b234a7387ec17ba6df9079f,6,3,2,0,0,1,0.0,0.16666666666666666,239010950462866.62,128.37890488443912,0.0,467
0x05a1426afaf2fd88fff3f6de78c0544462dba3e9,4,4,0,0,0,0,0.0,0.0,95364156695813.81,0.0,0.0,508
0x05a19e0c1ed3da29eb0cc4f2e79dbef594bfbbc7,1,1,0,0,0,0,0.0,0.0,159134868536.60547,0.0,0.0,502
0x05a20d98ca4196687b9dc5305e1f4841d4cecc7a,2,2,0,0,0,0,0.0,0.0,1.1101524094190016,0.0,0.0,504
0x05a28038dbc46d2f7c9e819d0ef6380499bf54d5,7,0,1,2,4,0,2.0,0.0,0.0,1601.08122535967,3201.3063597899236,738
0x05a2b91edda4d53f8546fa29eff0b9a6a61bac38,2,2,0,0,0,0,0.0,0.0,3267933571654.7056,0.0,0.0,504
0x05a344b63615ff8e48d70e067738920a84cb2fec,2,2,0,0,0,0,0.0,0.0,6241040926926.904,0.0,0.0,504
0x05a404de8ddc44db9c9d579fda11e088a66fd1d9,7,1,2,3,1,0,1.5,0.0,9.96458644245001e+16,3.985834576983917e+16,4.624043458516012e+16,1000
0x05a46cd17bdabb0b230832b93b3f9d72bff942ea,1,1,0,0,0,0,0.0,0.0,0.14975867004210117,0.0,0.0,502
0x05a4a3c1fe0916ec75df97a03cb0d8b8408ec402,10,4,2,2,2,0,1.0,0.0,347092963229784.44,144.50333844525258,144.83247249123184,615
0x05a5512222dbf0a2227187ea096bc39b6b9b4991,13,8,5,0,0,0,0.0,0.0,320356602780850.8,126766222610256.28,0.0,516
0x05a5787e3bd8478b9ba08a0ef2036296bc0edf87,6,2,3,1,0,0,0.3333333333333333,0.0,16328674771024.887,3462108857508.023,2957561254269.0215,1000
0x05a579affa31012fd2af5f479c5ba8147956ed73,2,2,0,0,0,0,0.0,0.0,1016580493542.6157,0.0,0.0,504
0x05a5a6087274ddaac3b52ebb6935866c650a9083,2,2,0,0,0,0,0.0,0.0,1.2831450215810936,0.0,0.0,504
0x05a6cac0b7e4b030c2cbbbca93f72e3b203acf06,1,1,0,0,0,0,0.0,0.0,0.09967725552353245,0.0,0.0,502
0x05a726aff20ab6b723a147fcb19d3fa6433d627d,115,34,25,25,31,0,1.0,0.0,9.409274252474273e+17,1.5918913523135e+17,878212.708281557,1000
0x05a814ca775fbaa70d568cd825ff8b3de2e14dea,1,1,0,0,0,0,0.0,0.0,158809462443.8203,0.0,0.0,502
0x05a878a8cfe334b909c5108775b6aa23745f390e,9,4,0,0,5,0,0.0,0.0,57156061503912.0,0.0,0.0,508
0x05a9015530f7e4261797b1506af6fb4d8981f918,13,7,2,2,2,0,1.0,0.0,1487035268053689.2,1102287842676669.8,1141410137534601.8,1000
0x05a97d4b9cda015c407da6ecdd2afc5a5353f00d,6,5,0,0,1,0,0.0,0.0,2.198164049226869e+17,0.0,0.0,510
0x05a9c57436c5e002624a71df1a223b750e1aafa5,1,1,0,0,0,0,0.0,0.0,1.6583549538966589,0.0,0.0,502
0x05a9c66e3ebce844800db7f1e5c9b3892541fb4c,3,3,0,0,0,0,0.0,0.0,2.1556892990692096,0.0,0.0,506
0x05a9f15665e735dfc5821639cccd5713ba3ef1bd,2,2,0,0,0,0,0.0,0.0,2.0619923390979973,0.0,0.0,504
0x05aa05b10fa49bf1c1ab11c5857ec0706680dd85,1,1,0,0,0,0,0.0,0.0,110386403703.79865,0.0,0.0,502
0x05aac88cd537c90a6c694f6ff4bebad781b45859,8,3,0,0,5,0,0.0,0.0,26306.236190733427,0.0,0.0,506
0x05ab23f254285f98e358dd78138a270fd0485045,1,1,0,0,0,0,0.0,0.0,1.1065205649045815,0.0,0.0,502
0x05ab8ff4726dfb3d965dcf606e570b734d66254d,19,13,1,1,4,0,1.0,0.0,1208186429857600.5,9.992601606020905,10.015696753915792,629
0x05ac24636011b12ffbe518100e26e25072498f0f,12,7,4,0,1,0,0.0,0.0,1589805964695516.2,489227819287921.2,0.0,514
0x05ac4029c54a5622b6ef4114308cfced60198aa3,3,2,0,0,1,0,0.0,0.0,121298746170396.69,0.0,0.0,504
0x05acb1438730ca2e4ae69689c82a00731752a400,14,0,1,6,7,0,6.0,0.0,0.0,1.753663144172145e+17,3.496200931604028e+17,1000
0x05ad1db106f533995cbf40dc6d9694ba80ef0143,9,0,0,0,9,0,0.0,0.0,0.0,0.0,0.0,500
0x05ae01015bd81d82e90c0263c5a90a948bef4bb9,27,10,6,5,6,0,0.8333333333333334,0.0,14523343.325959783,13272187.706991222,13019822.968696402,1000
0x05ae85da4be4a3852e8b67d3d40daaab939badb6,2,2,0,0,0,0,0.0,0.0,2.1116972101756497,0.0,0.0,504
0x05aeaabd4b221dc741b0213dedc1c2fe3613e2c0,237,89,29,46,73,0,1.5862068965517242,0.0,3.882510732055569e+16,7851944610380935.0,7825902118654845.0,1000
0x05b024e370ae7d3e3678a52d5fb68ce9c4ab30f5,27,19,4,3,1,0,0.75,0.0,1334659198152562.0,302534354874945.75,204.17288420620392,624
0x05b02f5f36da0730785f75086d55444239a8089d,1,1,0,0,0,0,0.0,0.0,1170310157946.553,0.0,0.0,502
0x05b033ddba3179c3de5937e76665e5980de7df57,2,2,0,0,0,0,0.0,0.0,2936953589531.5356,0.0,0.0,504
0x05b048ba2f157a628eff029fbf949427a67b3b7c,1,1,0,0,0,0,0.0,0.0,1015207444524.6042,0.0,0.0,502
0x05b0b833b8fb2f90cc00594f73fc560e6542bbf3,8,2,1,2,3,0,2.0,0.0,639.3173697565376,542.1594011124965,550.9870311523135,715
0x05b1682594fd90d2683be14e47d6e6b5ef3c0ae2,2,2,0,0,0,0,0.0,0.0,2214005362115388.2,0.0,0.0,504
0x05b16a13e7398292cea99546b07551e94f120b31,18,12,0,0,6,0,0.0,0.0,2.2840900876754404e+16,0.0,0.0,524
0x05b2429b8ac58bb93c7385b62799f11849a8a11b,3,2,0,0,1,0,0.0,0.0,835069997299441.0,0.0,0.0,504
0x05b26f4df5372eefabb23039b69e2eabc8684666,34,12,5,6,11,0,1.2,0.0,3100436347949085.0,699425089090187.0,701197913767225.0,1000
0x05b2ad74e7387fa6a6feacc6465f7c5ccb4f9803,33,12,8,6,7,0,0.75,0.0,6.083944317819429e+17,4.1706584413387315e+17,4.168365650151328e+17,1000
0x05b2ff2ee8563001555cbaff43edd2e179116eb8,1,1,0,0,0,0,0.0,0.0,96884738388.65356,0.0,0.0,502
0x05b3395258d0a15d43ea0b101205cca5327c451b,1,1,0,0,0,0,0.0,0.0,185514091157.32492,0.0,0.0,502
0x05b43571094e8613c2e993b4a8534ef974e84d75,22,16,1,1,4,0,1.0,0.0,1493478791841469.5,30018.316069870296,29968.893009158124,934
0x05b4600b2e54b7bf090f39c2c6e7c70d0a571838,74,41,19,12,2,0,0.631578947368421,0.0,2408718652706780.5,557186781546234.56,587075914376056.1,1000
0x05b4716b4cd9913274981bdca37e0d8109b8e880,4,0,0,0,4,0,0.0,0.0,0.0,0.0,0.0,500
0x05b502f8f602672c14e4d2a7ee0a5d1941fab83f,1,1,0,0,0,0,0.0,0.0,769253853824544.4,0.0,0.0,502
0x05b56b2b0e2f395f2f814c09c845ecf656b80b1d,147,51,42,27,27,0,0.6428571428571429,0.0,1.2639276633367628e+16,6781155428094222.0,5158825534323763.0,1000
0x05b577839fc3272bea6c3e62033a5b69d2679d87,1,0,0,0,1,0,0.0,0.0,0.0,0.0,0.0,500
0x05b605b02eba1c306bd1d7e83d282597849ef3f6,2,1,1,0,0,0,0.0,0.0,44767257505.89487,12311002158.52995,0.0,502
0x05b62442eebb2308ab39cf2dbb115fc47b633c52,150,48,38,26,38,0,0.6842105263157895,0.0,8.444425384467088e+16,6.384170215730334e+16,4.946412600965266e+16,1000
0x05b68b3510021ebd6e2f1f49a1d4574437853602,28,6,5,8,9,0,1.6,0.0,11519.829865955891,7093.255472511368,7282.266572187103,768
0x05b6fbb7474bab00995346330fecff766b275618,1,1,0,0,0,0,0.0,0.0,20980310686.544395,0.0,0.0,502
0x05b907bf39a7fe8704809decc5631603df28b229,1,1,0,0,0,0,0.0,0.0,1157472742470.736,0.0,0.0,502
0x05b95e058f04185f3aa8c47f025c2ce00a50ad6e,65,59,2,2,2,0,1.0,0.0,32335655138109.51,7245086722795.269,7245086720796.75,1000
0x05ba97e1d4c3e46bf6c63fc7470dc0bc4dd38440,1,1,0,0,0,0,0.0,0.0,0.011971950598805006,0.0,0.0,502
0x05baba43f8be0876b72184b680d653e31adb1b65,13,7,6,0,0,0,0.0,0.0,2547795230579487.0,2771.5655856174562,0.0,514
0x05baf63fe8b7f6bb8e00655b052a709b388d53d3,11,7,4,0,0,0,0.0,0.0,391631890450599.5,199116066070766.2,0.0,514
0x05bb0a35417765cf7b2fc8db8d7ce7ec2d58400d,1,1,0,0,0,0,0.0,0.0,166428110240.00034,0.0,0.0,502
0x05bbf0c12882fdecd53fd734731ad578af79621c,44,34,5,2,3,0,0.4,0.0,458725467754990.75,25210.98883584769,6535.943291716131,679
0x05bc47b7ca092a9219a5a9bcaa9728de55e4ae3a,29,11,10,2,6,0,0.2,0.0,1.6560352483946432e+17,8.105528951755027e+16,3.5107828342736316e+16,1000
0x05bc5bf93fb199f423b080601d04cee4df82a3db,2,1,1,0,0,0,0.0,0.0,75047012400.00012,15009402480.000025,0.0,502
0x05bdac85005e75c04d5cae59434a9e4182aefd90,18,8,4,0,4,2,0.0,0.1111111111111111,736151447838570.0,472076548074527.2,0.0,483
0x05bdf051fd2bdd05d366ee1ae4c02733c6823cc6,39,18,9,5,7,0,0.5555555555555556,0.0,1.882804114286485e+16,7139016051103731.0,1104592949762116.2,1000
0x05be3fbe36e84b550f687afa6f65b78884792e9b,2,2,0,0,0,0,0.0,0.0,2.014173104551503,0.0,0.0,504
0x05be4b528e49d3315f2e98343b70197805809327,7,1,3,0,3,0,0.0,0.0,16554.467896765178,1.8004354070120744e+16,0.0,502
0x05be5be4e9a8f3d2592e36386c9340d1ae330d68,14,5,2,3,4,0,1.5,0.0,1.3224432715837824e+16,49607.64149284239,49985.59306029564,1000
0x05bf2958c314fa1e1d9a64fe0cb16a12c6304f9f,2,2,0,0,0,0,0.0,0.0,1.6762638143995383,0.0,0.0,504
0x05bfb595c8eab52456f12ff1bcd10dba0c79b0a1,2,1,0,0,1,0,0.0,0.0,1156.1368835463024,0.0,0.0,502
0x05bfec210a3c026b51fe973b5b7146294631c050,3,2,0,0,1,0,0.0,0.0,111918143764.84946,0.0,0.0,504
0x05c001fc9f8bb3f2de12f4901532aec7cad3d446,13,3,3,3,4,0,1.0,0.0,632724684959095.9,165.1191796778446,165.10351455231853,616
0x05c0498541807d238450690d4d8a0149e0a84e4f,46,11,8,6,21,0,0.75,0.0,2802108.941657194,2140749.4067414384,2140491.801714125,1000
0x05c076e25257f40410ba317aed8a5f437a524a86,1,1,0,0,0,0,0.0,0.0,178005671407.25775,0.0,0.0,502
0x05c0a11695e17c3d70a76d597d596c0f652ff9ea,4,3,1,0,0,0,0.0,0.0,11387968414.220654,0.005687988809452277,0.0,506
0x05c0be25b708d2cf776890361c458f04f8285979,2,2,0,0,0,0,0.0,0.0,1231932535336.5781,0.0,0.0,504
0x05c15c999355b8a0e15e3fe60fce60f149a6e039,1,1,0,0,0,0,0.0,0.0,29777358719.602005,0.0,0.0,502
0x05c18ffc1c74cb67cb26bb5222aaf3355b74bbc3,584,328,27,15,213,1,0.5555555555555556,0.0017123287671232876,1.1980461968845496e+18,6.108179185549951e+16,1.8031869321688256e+16,1000
0x05c24294b139c9cc6cf7d3a719ac9898ce3f2bf0,1,1,0,0,0,0,0.0,0.0,86274991744093.48,0.0,0.0,502
0x05c264e0c7749b60d79c5924e89f62bc09c2f1f3,1,1,0,0,0,0,0.0,0.0,1133742154504.323,0.0,0.0,502
0x05c2680073732e7be85c1e0a8dcc47704db5ba7b,1,1,0,0,0,0,0.0,0.0,1334062809024.2732,0.0,0.0,502
0x05c27519d3c87146fc0c9c75c3762e95402416d2,13,5,1,2,5,0,2.0,0.0,1678451169684272.0,760584657489485.5,749830210646059.0,1000
0x05c2879f011db90cbe5387c8415fc8fe5e81efda,35,18,8,4,5,0,0.5,0.0,2641659573909385.0,901.469660147342,906.7791274321394,607
0x05c29a135e4ec2e86cc6edc50f3df2f074d7e976,1,1,0,0,0,0,0.0,0.0,179567853510092.22,0.0,0.0,502
0x05c2b46dd6c07fa45684e1048e11b0b984656565,2,1,0,0,1,0,0.0,0.0,60136743637166.45,0.0,0.0,502
0x05c2df41d143da3fcefdf3f435cfa39cde7210ce,1,1,0,0,0,0,0.0,0.0,1802930987974.322,0.0,0.0,502
0x05c3739cba77cbe93ad664e845edb45bfde62df5,2,1,1,0,0,0,0.0,0.0,17891585693.471436,4635125827.324206,0.0,502
0x05c4853a809c29c1674474f7998556ef1e2a1af5,1,1,0,0,0,0,0.0,0.0,1785198878804.7546,0.0,0.0,502
0x05c49ea0823e51503cd782a88cbf36d8db54d562,9,6,1,0,2,0,0.0,0.0,274776480265483.53,57713508565362.3,0.0,512
0x05c50a9d2757d7f0dbe29a62c6014416f5305f33,4,1,0,0,3,0,0.0,0.0,3005075454358.8853,0.0,0.0,502
0x05c52cd5d423ee6f17334ff54ade74291d89f678,1,1,0,0,0,0,0.0,0.0,490811396634.05756,0.0,0.0,502
0x05c6df5d4cc1158629ffef15d67e34eee73a77b2,32,12,5,4,11,0,0.8,0.0,2.207388917958626e+18,5.038253703010529e+17,5.018461801652595e+17,1000
0x05c736f2742488470f9837186689c3b212d9459f,4,4,0,0,0,0,0.0,0.0,526314230854978.75,0.0,0.0,508
0x05c74e7e87637eddbe6479ca006f96acd5870948,2,2,0,0,0,0,0.0,0.0,4022026407498.562,0.0,0.0,504
0x05c78cb90daf80eb6c57ae8657d8089e91345be4,1,1,0,0,0,0,0.0,0.0,1119181437647.3716,0.0,0.0,502
0x05c7db85dd8471a25fc6b34dca4aed67ba518a49,1,1,0,0,0,0,0.0,0.0,1.0757759950105013,0.0,0.0,502
0x05c824cb84307759b21a29d95b1066a9d1c29cab,8,0,0,0,8,0,0.0,0.0,0.0,0.0,0.0,500
0x05c8f94d48672c9304d0774e164bbfb03beb78ae,4,2,1,0,1,0,0.0,0.0,2998.867398324497,1999.1383115063843,0.0,504
0x05c932400fefadbcfc589686f48506db5965da99,1,1,0,0,0,0,0.0,0.0,1.0219570440581878,0.0,0.0,502
0x05c985db49d9e29aa66b465f18c7c6dd244e9774,13,6,5,1,1,0,0.2,0.0,2837211442809887.0,733641738344051.9,704.1109205701379,542
0x05c9c5709ce386ced020d05d66b963af3acaee5b,1,1,0,0,0,0,0.0,0.0,95269005.6264206,0.0,0.0,502
0x05c9db563db8e38cc2899297da41ce430b61a484,14265,0,0,0,14265,0,0.0,0.0,0.0,0.0,0.0,500
0x05cbeb96622ec258fb0525a9bdd16182f9264df1,109,46,33,14,16,0,0.42424242424242425,0.0,3.0432858569922656e+16,6014035905719569.0,2588510609183744.0,1000
0x05cbed339b897c1d53ddbf9881087308f02e41c8,19,9,5,3,2,0,0.6,0.0,1.3033795572731408e+16,182888647148071.53,91580758067045.83,1000
0x05cbfb4688f53601d515624c6e65df0fb8ca5769,1,1,0,0,0,0,0.0,0.0,50069459565741.664,0.0,0.0,502
0x05cc45d29dee48eb6e8620b508f7da7e118782f7,2,1,1,0,0,0,0.0,0.0,135748462369.51283,13574846236.951283,0.0,502
0x05cd14412ccd74f05379199181aa1847ed4802fd,3,2,1,0,0,0,0.0,0.0,31708475229.427853,1585423761.4713926,0.0,504
0x05cd49807e99379a1fa15d44fa5b3239f3432999,2,2,0,0,0,0,0.0,0.0,3160844985510.453,0.0,0.0,504
0x05ce0c6ea73606fc6340943562550f12e764dcd1,2,1,1,0,0,0,0.0,0.0,113652379383.43968,56826189691.71984,0.0,502
0x05ce267f3583e5b46b0daf8ca1d63b322dcb7814,3,0,0,0,3,0,0.0,0.0,0.0,0.0,0.0,500
0x05ce7c47431bea9dfec18a7c0b5a0565618c9cc8,2,1,0,0,1,0,0.0,0.0,103093144159192.33,0.0,0.0,502
0x05ceffd4104ebc52638778968733d4fec8808060,3,3,0,0,0,0,0.0,0.0,3.3438480001323807,0.0,0.0,506
0x05cf1fab07d66d0755e770a3f3951cbe2467b4f9,1,1,0,0,0,0,0.0,0.0,1107669208602.7498,0.0,0.0,502
0x05cf60b657103efcd42f75a5e10a29a92e181f4b,19,7,5,3,4,0,0.6,0.0,406368750693520.3,247813840372785.0,246557364768961.53,1000
0x05cfa2830540f19d57fd16b3ad6d5a18cad878d8,1,1,0,0,0,0,0.0,0.0,145289968478.0978,0.0,0.0,502
0x05cfc5e72e8b7012fb9e811abbd1d66a7ce3e409,2,1,1,0,0,0,0.0,0.0,35125058759.61218,4468836992.317071,0.0,502
0x05cff72c988ba507e33b70405a0e20f392b794db,2,2,0,0,0,0,0.0,0.0,2317297993341.4517,0.0,0.0,504
0x05d0bbe8ec0e32702d62fda162c5828b5652fc07,2,1,0,0,1,0,0.0,0.0,128370121919021.7,0.0,0.0,502
0x05d0fcc6bb04a28d0ef9ad7e7cf27360ddbfd193,2,2,0,0,0,0,0.0,0.0,1.0247489933820697,0.0,0.0,504
0x05d17cbb6f077c6ca16fbaee56d61fa8e639090b,2,1,0,0,1,0,0.0,0.0,1048.1109177658418,0.0,0.0,502
0x05d19dcc556638641022b35d3f5c7e25c9b1b7c2,9,2,2,2,3,0,1.0,0.0,2759013028161068.0,1349620875289774.8,1342247752740303.0,1000
0x05d25d6b85302347c2e8de4523576bcd7e6bdf5d,3,3,0,0,0,0,0.0,0.0,3235971844674.331,0.0,0.0,506
0x05d264cf6873f6d53dc1eb914f9a63b9106c10d9,7,6,1,0,0,0,0.0,0.0,9144011651073232.0,3485.345634400007,0.0,512
0x05d2bea5d43181387d7fb5827b29b0904f40c8ec,2,1,1,0,0,0,0.0,0.0,1119181437.6473718,6.017417983655297e-06,0.0,502
0x05d2bfc5fb23ebc9fedabc72e244de6ab7cc8d25,2,2,0,0,0,0,0.0,0.0,1113143197383.8464,0.0,0.0,504
0x05d2d40448ec264b542a3b2c308789796bce9e1e,20,8,4,3,5,0,0.75,0.0,9757845079951480.0,6110.6045753519975,6130.4897750835025,661
0x05d2f53c5bd50defe43628e01197b47dcfa1764c,753,267,198,157,131,0,0.7929292929292929,0.0,1.9484509417106941e+18,1.6066975104623576e+16,8167243589331222.0,1000
0x05d373d910177db708cded252f6129f9ab7890b7,65,61,0,0,4,0,0.0,0.0,1.6218516966178618e+17,0.0,0.0,622
0x05d45037ed91c3a6ed96935ec53e993c9cffb610,7,0,1,3,3,0,3.0,0.0,0.0,2.914552895488374e+18,5.917608232156697e+18,1000
0x05d548cd9be2e4c13e293dbb8b7831df276ee569,3,1,0,0,2,0,0.0,0.0,660.7066135699578,0.0,0.0,502
0x05d567f041a05d72f455164ff9a1e29b4569d2f4,1,1,0,0,0,0,0.0,0.0,1.00901043600612,0.0,0.0,502
0x05d57fb285311a1b5339633a58dcbe525c53fd3e,2,2,0,0,0,0,0.0,0.0,146.8568732476276,0.0,0.0,504
0x05d5b5d8f81b61ae473cf223aac694f13517a939,17,8,2,2,5,0,1.0,0.0,233344686172589.2,602.4280993500013,605.0710738968943,628
0x05d7019693ca6ce077a20b89c7b392053f440885,1,1,0,0,0,0,0.0,0.0,183672213224.19052,0.0,0.0,502
0x05d7e7f4dc1f0fea57d645c33857696888379655,2,2,0,0,0,0,0.0,0.0,3269855273777.3193,0.0,0.0,504
0x05d819ced977861e58639eefd74d8f29cb300707,1,1,0,0,0,0,0.0,0.0,140426467263.56012,0.0,0.0,502
0x05d86155059212345aeb0224ae0b717b7099dfd5,3,0,0,0,3,0,0.0,0.0,0.0,0.0,0.0,500
0x05d8da465be1352d4e4a67d6c3c226f427021b4e,5,4,1,0,0,0,0.0,0.0,235488982485020.06,65.47116378897992,0.0,508
0x05d959ff10fd30616b1b23cb012f2f71cd6c42d8,26,14,8,1,3,0,0.125,0.0,128235346165957.0,92.70110465789028,3.009505458760049,543
0x05d9c7318e4cdd6ab6b04b135b628a290f9a47dd,4,1,2,1,0,0,0.5,0.0,10082704584720.51,20.0132052817384,13.016788187476443,555
0x05d9f1a8b7f8aac18f19f88f76e18972ba8095ef,2,2,0,0,0,0,0.0,0.0,2252164115226.3994,0.0,0.0,504
0x05da09fd7515bd600b89b89c0039d09bd91bf0c2,44,23,5,4,12,0,0.8,0.0,3.3371121149103344e+16,20662.363261915765,20710.261752499428,845
0x05da0c89d3f38528bd5ff5a4d271e50e664401db,6,4,1,0,1,0,0.0,0.0,1.0509517091399824e+16,1316808710566165.2,0.0,508
0x05db3ffc9fd3f5bef6e29ae05add64a83bbcc159,52,34,0,0,18,0,0.0,0.0,1859839901309633.0,0.0,0.0,568
0x05db7e001f6650745dcff8044d3e5ade3af4c03a,6,4,2,0,0,0,0.0,0.0,195831771858037.12,10032919145614.393,0.0,508
0x05db890722dcbc2d386d782692969e78c1f7febf,1,1,0,0,0,0,0.0,0.0,1.194832359144239,0.0,0.0,502
0x05db9d4ed8defda92a61970de6e2c02f1befbc89,2,0,0,0,2,0,0.0,0.0,0.0,0.0,0.0,500
0x05dbde7fe248c7f51d9e87063c4d5c4ec3322a1c,28,15,13,0,0,0,0.0,0.0,62319439939630.26,63821464702725.336,0.0,530
0x05dc3b4365d5f93d815a662f8c0825ec9cd34e72,1,1,0,0,0,0,0.0,0.0,158671702425.97314,0.0,0.0,502
0x05dc457a6aff742839eae0f992a1c9da4586f144,36,6,0,0,30,0,0.0,0.0,544276003339900.75,0.0,0.0,512
0x05dcb24761e5f9d3e8138f811e4e06db7104478f,267,105,77,36,49,0,0.4675324675324675,0.0,2.1624751017470528e+17,6.271202373905148e+16,6007588215776980.0,1000
0x05dd84aa953d75c659147045260352d89941e75e,3,1,1,0,1,0,0.0,0.0,21.63348088260393,1256743469539.0198,0.0,502
0x05dde6c57ebb98610db7d17afe3ca6d963182b9b,7,5,0,0,2,0,0.0,0.0,277374746753403.25,0.0,0.0,510
0x05de2c64e8b7d2b85c1e45843c3e97db0d3dd0ff,49,24,9,4,12,0,0.4444444444444444,0.0,482746873020756.5,1941.0912349087046,1970.7496466403327,624
0x05de6b96c344983c4ab6efea9fb0fb4b6a532e31,3,2,0,0,1,0,0.0,0.0,43.7544110914051,0.0,0.0,504
0x05def9275be6c09e67a37d6279d376836320c556,2,2,0,0,0,0,0.0,0.0,0.9986693554055671,0.0,0.0,504
0x05df207c31a393fe4ddece3dd48f00613727ca4c,2,2,0,0,0,0,0.0,0.0,55881857296.71162,0.0,0.0,504
0x05df82067a9c386c6e940ae135504266c59d0ab4,1,0,0,0,1,0,0.0,0.0,0.0,0.0,0.0,500
0x05df96c1967cd2d0d6e7ea80cf110faa37aa3f3d,1,0,0,0,1,0,0.0,0.0,0.0,0.0,0.0,500
0x05dfa941764538a29be71d32a462ae96facffb02,7,3,1,1,2,0,1.0,0.0,116218289440276.94,499.3663041670848,502.9306294066926,614
0x05e09b56ec91620f9bab354c573712e446f8eb11,205,79,61,37,27,1,0.6065573770491803,0.004878048780487805,2.453931373140528e+16,200025442998557.3,199939208222998.78,1000
0x05e0a46a3a96478f8c6915f57e8089b3397e7cea,25,4,3,2,16,0,0.6666666666666666,0.0,1.0734846238840638e+16,7844404584222.622,8168.619797818261,662
0x05e0ecbd7d549036d64964e243edee92954a946b,1,1,0,0,0,0,0.0,0.0,1.1057282027738329,0.0,0.0,502
0x05e1bacfbc6ed227054401ae22f2ebe12fc98186,1,1,0,0,0,0,0.0,0.0,1.1161126994968447,0.0,0.0,502
0x05e1bad6e50b12c633410243d1f6f83e72fdb624,1,1,0,0,0,0,0.0,0.0,166913752562.456,0.0,0.0,502
0x05e1c452e571e7edf1a5aab2fffb16de322cb373,2,2,0,0,0,0,0.0,0.0,2.259609878203448,0.0,0.0,504
0x05e1e0e85756cde16309083dd223948b4f34b813,5,3,2,0,0,0,0.0,0.0,7408301482778691.0,5025.436830421854,0.0,506
0x05e1f287dde4f9514ed22000a62a45b0da9dc409,197,73,36,28,60,0,0.7777777777777778,0.0,9.842217978670749e+16,301824671279192.25,27444.675825824674,1000
0x05e2461c8c10138aee241268f28de6003d3dbadb,89,35,21,16,17,0,0.7619047619047619,0.0,1.6965044801675411e+19,1.3736627840342747e+19,9.512464322001146e+18,1000
0x05e36927724a9d523ebd1e1b7cedb0f259f455be,1,1,0,0,0,0,0.0,0.0,1762322196559.916,0.0,0.0,502
0x05e422ae83afc05e503c068f7be265bcd844170c,1,1,0,0,0,0,0.0,0.0,524.2327318563413,0.0,0.0,502
0x05e48184dd108b780714184f5e502137365add6f,1,1,0,0,0,0,0.0,0.0,1.0994337704320463,0.0,0.0,502
0x05e49ad86a0bcb71ee7382f7e6b031a6ce0f6c89,1,1,0,0,0,0,0.0,0.0,1.1039158183900004,0.0,0.0,502
0x05e5a3e89794434042d4b8e51853fe28353f3343,59,19,6,32,2,0,5.333333333333333,0.0,201865175726104.62,233.46828494824047,159.6531144544627,1000
0x05e5ab383f3c2d423cfd118b83420261ab0990bc,49,9,11,6,21,2,0.5454545454545454,0.04081632653061224,1477673010691121.5,348379019448152.94,41040.39553144882,982
0x05e843051a31c0abd1fd35b5b08ead0345c3b7e1,29,7,7,6,9,0,0.8571428571428571,0.0,1957789160008303.0,1468058822117998.0,1476503584010942.0,1000
0x05e8b27dfc779b23b9b43a3b65d763af22ee2b8d,2,2,0,0,0,0,0.0,0.0,34046164145607.426,0.0,0.0,504
0x05e92f4ea55ce9a333a47689911b13407f82d81e,72,72,0,0,0,0,0.0,0.0,270737158.0689073,0.0,0.0,644
0x05e9e2624a9c70efbcf9d51fc169d304d3d5df8a,103,58,20,1,24,0,0.05,0.0,1.1391267853747544e+16,3493780818722324.5,1032.6048090604584,634
0x05ea34e37b28962b9f17fce9cff68637ebb80e58,39,9,19,11,0,0,0.5789473684210527,0.0,1960620425142122.2,636161188605929.1,693134477091159.6,1000
0x05ea3953d9e20d90b84c55311c6a989e68d1244a,2,1,1,0,0,0,0.0,0.0,2285053469328103.5,696.9940406123695,0.0,502
0x05eb8a2e940df49b71aefaaefc0ff317135eaa58,2,1,0,0,1,0,0.0,0.0,10291.956486865873,0.0,0.0,502
0x05ebdbd59a1cde6b913a4d7345e6a8de1ec9ee30,8,4,1,1,2,0,1.0,0.0,24990797956242.406,10.828852362114487,10.864180866423936,611
0x05ebdd6df09501627b6fe9919805116cfcf14b9b,1,1,0,0,0,0,0.0,0.0,192043473383.30045,0.0,0.0,502
0x05ebf7b089a859af295b4f4d96673edcb5ef6621,303,90,76,57,80,0,0.75,0.0,3.6192195530008435e+17,1.4480508978171197e+17,1.5911112656350058e+17,1000
0x05ec08e0f92b0077e64ae43785b91ac248889629,10,0,1,2,7,0,2.0,0.0,0.0,18386.24685813487,33465.25533988805,1000
0x05ed5e22bbf41969b11b3690700c8583b3844e25,90,55,27,4,4,0,0.14814814814814814,0.0,1678076028289802.2,1072891420662250.9,796552732133782.2,1000
0x05ed735c93879d84d082425572fe5ff827a0db56,122,42,27,19,34,0,0.7037037037037037,0.0,2430077381761376.5,884230046772922.6,754962507761352.5,1000
0x05ed9694f8f17d71d6385b891ba4c799394d9e44,13,0,2,3,8,0,1.5,0.0,0.0,3545886508834728.5,7103250068069953.0,1000
0x05edd5d14eb0dd90902dd0bc85ff606963c36164,2,2,0,0,0,0,0.0,0.0,1263157127380.4453,0.0,0.0,504
0x05ee3c534b3c640889148539568847b034424be8,71,30,17,12,12,0,0.7058823529411765,0.0,3414770894384201.0,1140789369918424.8,1045709169911918.1,1000
0x05ee92b20265f364620710d8ffb416784e1d18f8,2,2,0,0,0,0,0.0,0.0,2.008576024434101,0.0,0.0,504
0x05efc12df01a04a1e92d817d4bf5447178cb5f2f,103,54,19,9,21,0,0.47368421052631576,0.0,5.420141412470413e+16,1.3599076766639752e+16,27807.974555818284,960
0x05f0397c6dd5eb63b5ad51f9e7e87d0823e7632a,19,7,5,3,4,0,0.6,0.0,1761011743956960.0,959094727638922.2,955607125430077.6,1000
0x05f087b8510d203f1a4ab22ce8ca875a9478a3d3,1,1,0,0,0,0,0.0,0.0,1628499170242.216,0.0,0.0,502
0x05f0b984052bafd32557c5edc33dd380c2e32762,6,2,1,1,2,0,1.0,0.0,3087892937030.961,2462196590385.0024,2600810158249.905,1000
0x05f0ba0f63b401bc9b86089265cee2f79c955768,2,2,0,0,0,0,0.0,0.0,10306157384334.484,0.0,0.0,504
0x05f1d03682e1f5c7da8028a2c0bdc73eded4f033,8,3,2,0,3,0,0.0,0.0,102837113635229.69,16430929635229.492,0.0,506
0x05f21f7f87849d71fe5e9958ca374d5ede017901,1,1,0,0,0,0,0.0,0.0,32454915438100.047,0.0,0.0,502
0x05f2cc77c8814053df4a2f3f2dc912afcdd82b86,1,1,0,0,0,0,0.0,0.0,9.871627828198309e-05,0.0,0.0,502
0x05f2da0c2c5472bde55483910e7dfd8ed004da0f,1,1,0,0,0,0,0.0,0.0,1646452170085.9521,0.0,0.0,502
0x05f37b9818dda0546fce45a149f5c9495bfb63bb,1,1,0,0,0,0,0.0,0.0,206569641832.13226,0.0,0.0,502
0x05f49042292c9792d182f6a524c21585c96c2df6,2,2,0,0,0,0,0.0,0.0,1210953249693.1138,0.0,0.0,504
0x05f4ccfe7747aa083954f54c6c67e93882c6428c,2,2,0,0,0,0,0.0,0.0,2023073353033.219,0.0,0.0,504
0x05f51dc944dffd85b33d6cab7ec654bb35cc9fc5,1,1,0,0,0,0,0.0,0.0,13.87672049812663,0.0,0.0,502
0x05f5471afc2822d6a8a72bffeb8d809518e87e7c,44,23,9,4,8,0,0.4444444444444444,0.0,7.0071022848783784e+16,4.891223274496187e+16,1.5339627773135132e+16,1000
0x05f54eaf83bb7cb628a6424beb527eed605ac610,28,15,3,5,5,0,1.6666666666666667,0.0,7565677122558252.0,999702258121552.0,1009028899200717.5,1000
0x05f590fb73b66c9a681101e8bbd868975fb2b3c5,29,13,6,4,6,0,0.6666666666666666,0.0,5178799507644727.0,182473388510015.8,785.7622680009821,612
0x05f668b4dc0a8d66cf8b4fe552722d9e2202d818,33,21,0,0,12,0,0.0,0.0,73362640133990.6,0.0,0.0,542
0x05f6a9e135b8c6fa89b1c4b98653bfe4e58c4893,1,1,0,0,0,0,0.0,0.0,0.6638776747703844,0.0,0.0,502
0x05f705c29e66ce141cc44150a9f7068a1d3f580c,2,1,0,0,1,0,0.0,0.0,237.0554523396634,0.0,0.0,502
0x05f71f76916e215db35e436556572c7d870f4f45,2,2,0,0,0,0,0.0,0.0,1126992082806.6335,0.0,0.0,504
0x05f78c7f3e79c3a6c453d188b013e3812e52cabb,5,4,1,0,0,0,0.0,0.0,1094248785843.7637,128109914.19465432,0.0,508
0x05f7ecf97b445a44b25ed19cd81f6e254c6ea7ff,18,10,2,1,5,0,0.5,0.0,3715580165788572.0,213680546560772.8,500.45771604011327,578
0x05f86353c6b6cfd4070bc811e135c234e1d77cd1,1,1,0,0,0,0,0.0,0.0,1.0643124307508238,0.0,0.0,502
0x05f864aea649d17ce380248864b2aced4f67851d,1,1,0,0,0,0,0.0,0.0,1.5035454523044023,0.0,0.0,502
0x05f969a403048494472e402af9a18040065ad7ac,2,2,0,0,0,0,0.0,0.0,1114601030089.2278,0.0,0.0,504
0x05faaeec0c95c706fca67b25cbbfb21a783a0a34,1,0,0,0,1,0,0.0,0.0,0.0,0.0,0.0,500
0x05fb5845068ab806510bc2b3d13c78e08fa6e988,2,2,0,0,0,0,0.0,0.0,2048628392092.0044,0.0,0.0,504
0x05fbbd0bc6e9570aae0a0e7d8cb3de9a2ae2b6b4,1,1,0,0,0,0,0.0,0.0,176160457066.3527,0.0,0.0,502
0x05fc1b756b87591676b0970442fc6281db12e812,60,42,5,1,12,0,0.2,0.0,1.9451590883660844e+16,5371722356075208.0,827208706911258.6,1000
0x05fc68f4b7714389a17128653f82d50bee98e542,128,50,19,21,38,0,1.105263157894737,0.0,3.9910661335209144e+16,9617376705791332.0,3256183408368855.0,1000
0x05fd3ebceeb2b571876cc77c898c512e14e2cda6,1,1,0,0,0,0,0.0,0.0,55102002365992.96,0.0,0.0,502
0x05fe433fa225928e856966bf00f1270281e6f663,121,100,9,2,10,0,0.2222222222222222,0.0,630693927753683.2,109001925075896.66,32.18026209716949,728
0x0600ae45122546e01397ea4ce8fc0ffe1cab372f,3,3,0,0,0,0,0.0,0.0,1224541518872.8147,0.0,0.0,506
0x0600de154559da51a7b68388cedc72bdda941ddb,22,12,5,4,1,0,0.8,0.0,1.962447756167202e+16,5501.013719191258,4708.681560499181,663
0x060107c887eba77cccf5ddbcd9631e2371ab6f22,14,4,2,3,5,0,1.5,0.0,133369117661927.52,75844466354120.62,75844469597372.6,1000
0x060253f772bb050ad5439e5c980356df02cf0725,19,2,0,0,17,0,0.0,0.0,5842039840000016.0,0.0,0.0,504
0x060265b9f30a8e95a37a7ba755e38e3e08d8156e,2,1,0,0,1,0,0.0,0.0,1476896685342477.2,0.0,0.0,502
0x0603f558cda9a95cc297ab38e08438298ff8dbb9,4,2,0,0,2,0,0.0,0.0,19757.86755230437,0.0,0.0,504
0x060557d6362d3f7e40381571fc85525c61c064c8,17,2,3,7,5,0,2.3333333333333335,0.0,4409185549051759.5,41795.98576939835,55661.365309966284,1000
0x06056feef38a0c5ec0a1c7c8f3d4d4c06023b298,17,11,4,1,1,0,0.25,0.0,305081134054770.5,223.58753059794822,59.59885343617691,550
0x060583d3080d1f9c92cfd8985d723b35972bcc73,4,4,0,0,0,0,0.0,0.0,2.952154683282658e+16,0.0,0.0,508
0x0605cec3dfeb1b5e4d850fd094a34d66f49bcd97,1,1,0,0,0,0,0.0,0.0,1.1349433611967774,0.0,0.0,502
0x060752bfa4e4f03f7a3cff4a069ad8f234068619,1,1,0,0,0,0,0.0,0.0,1423842846041.864,0.0,0.0,502
0x0607aa9076c72dab964a04dbf73ef9ba58206997,51,21,11,9,10,0,0.8181818181818182,0.0,1.016153631235792e+17,1.0145913413700418e+17,1.1350092404732187e+17,1000
0x0607b97b63fd136e2cc4706574fcc5f6cae8d5cc,1,1,0,0,0,0,0.0,0.0,1027939629347.3862,0.0,0.0,502
0x060855029c9be17b6f13e9d6a12929ccb9846480,5,4,0,0,1,0,0.0,0.0,37356053811512.86,0.0,0.0,508
0x06089bceee94a485c61b311cb61934d5cf8a684e,4,1,1,0,0,2,0.0,0.5,101368076629.60146,76026073339.65028,0.0,392
0x0608dd91be17e1ecbab078a14a075bc8e9ae6b95,58,43,8,3,4,0,0.375,0.0,3.6978621560565896e+16,3.2935259499980936e+16,2.7365146259566404e+16,1000
0x06098dc30b09865b5eaaf0a40dd373c0fbbf2741,1,1,0,0,0,0,0.0,0.0,172356416618.95554,0.0,0.0,502
0x060a8f894509c0d83fa2c5dfe01cca5d3a83ef6a,3,3,0,0,0,0,0.0,0.0,3235971844674.331,0.0,0.0,506
0x060aa29adb1e32a4d5471461ea5e9815028a82c5,1,1,0,0,0,0,0.0,0.0,178995573946.99927,0.0,0.0,502
0x060ad357c1f777fb031e7404ac26ee88b5a704b5,10,2,2,6,0,0,3.0,0.0,6.84426239353621e+16,1.6351811456199642e+16,1.632024675994741e+16,1000
0x060bb7f9d479437099cd521df4f5051a247ab3ae,2,0,0,0,2,0,0.0,0.0,0.0,0.0,0.0,500
0x060bbb0bcc744293a1e7df8dd7cc2ec81951bf94,2,1,1,0,0,0,0.0,0.0,22730475876.687935,11365237938.343967,0.0,502
0x060c5656a5cc445369c20042e57716e08789652a,15,3,2,1,9,0,0.5,0.0,4474026470087655.0,3385.7056266031564,30.58677192100093,559
0x060c5955567657dbc9c2374e4647bf9d10c011ac,3,3,0,0,0,0,0.0,0.0,95586723451393.47,0.0,0.0,506
0x060c7f117b1bc0f056b6c198d91dd5cc3b482b12,6,1,1,3,1,0,3.0,0.0,1980831.3085345528,10122.047986206939,10140.243931064568,912
0x060c9c259134e0e5d434db7be18a1e98248065ec,3,2,0,0,1,0,0.0,0.0,1618818977352.9714,0.0,0.0,504
0x060cafc9f21db4171257ead799edb2fbffa56899,9,2,2,1,4,0,0.5,0.0,1014817228200399.9,701.6166337560733,701.7728101792424,564
0x060cbd27bc12765e1eaad4097ecb535c6444cb61,2,1,0,0,1,0,0.0,0.0,106.19637683107322,0.0,0.0,502
0x060cd95870d75c91168f12a451d71c3231a79c66,2,1,1,0,0,0,0.0,0.0,15854237614.713926,0.0022509558575093108,0.0,502
0x060cf7710b40686fd903894b9f65d10589d73f28,10,3,2,2,3,0,1.0,0.0,2.400853411631328e+16,1.2547137071837946e+16,1.2469810356680214e+16,1000
0x060cfcf2bd89aadaedd2f2b4760466ec1c57377c,1,1,0,0,0,0,0.0,0.0,165671957662.2195,0.0,0.0,502
0x060d0cc814854f60cc6ca2566a047526a85f1d9a,4,2,2,0,0,0,0.0,0.0,66408020484486.64,33093328500318.633,0.0,504
0x060e95ef23d06dbacfe4639fd25c6020b1d879bf,1,1,0,0,0,0,0.0,0.0,1022466424340.6606,0.0,0.0,502
0x060ff445d1232bae747fc927899dc2b59331a484,2,2,0,0,0,0,0.0,0.0,1126757817273.392,0.0,0.0,504
0x0610be26ebcad7c6bd2c4fc21017583acd733b0a,1,1,0,0,0,0,0.0,0.0,193.4082323244246,0.0,0.0,502
0x061122cffab0f594d3689865e935b2961f0a309a,111,82,23,1,5,0,0.043478260869565216,0.0,1.2765778333120662e+17,3260726753540735.0,3149073763783689.0,1000
0x061150e5574716dbb1a2cdf54b3dce9f94395f65,3,1,2,0,0,0,0.0,0.0,238872888000.00003,79202041087.09834,0.0,502
0x0611afbf50787361164004b2596719e5116b7315,31,13,7,7,4,0,1.0,0.0,8462563358068998.0,5320577820158346.0,5295394144776449.0,1000
0x06127311a4fb86ffdce6f781d7db183e9c2a3d34,2,1,1,0,0,0,0.0,0.0,64891542914.67936,4969210140.400401,0.0,502
0x0612c30d06853fe2505905cd610d985b26976da3,7,5,0,0,2,0,0.0,0.0,2811120952118904.5,0.0,0.0,510
0x0613036cbb45c3eeaabdea389df101d6022f3684,4,1,1,1,1,0,1.0,0.0,1.2787577870930646e+16,5022530237265389.0,5022530237265389.0,1000
0x0614d8ff2f527455e8fd8b4ed88abf3eab918f76,22,7,3,5,7,0,1.6666666666666667,0.0,172277103349843.12,105682357857462.28,94052815637330.0,1000
0x0614e07756390441cb246c886917487840e74f7d,8,4,4,0,0,0,0.0,0.0,10648349167068.96,4105479632145.156,0.0,508
0x0615774010b017e7ec09d228ef37d06564a1d825,8,2,2,2,2,0,1.0,0.0,6.024784670498927e+16,25023.593138805456,25094.68108479138,860
0x061667d49211840a590513f622a92ec170de7879,1,1,0,0,0,0,0.0,0.0,515.8432501312373,0.0,0.0,502
0x061716a85aba5e37626e4a2c33596d59823d30b8,1,1,0,0,0,0,0.0,0.0,1178119037938.9714,0.0,0.0,502
0x0617d8b4509d856bcfd0870b1bb27c8f68e1d536,1,1,0,0,0,0,0.0,0.0,1.1856898829771974,0.0,0.0,502
0x06185db89f5c8ef5e5a0abc95c5cb69b54c33f30,1,1,0,0,0,0,0.0,0.0,9.871627828198309e-05,0.0,0.0,502
0x06189341e523a52ae10c4bd4a7774371fac1b249,7,4,1,0,2,0,0.0,0.0,12725919159996.656,2330735517406.7446,0.0,508
0x0618c450370822c5cb25ec143a3008230d8e2c12,5,1,0,0,4,0,0.0,0.0,3.5309766243864868e+16,0.0,0.0,502
0x0618e615c8c9b5efc8c8eadc68be7182bdc455e2,22,13,2,2,5,0,1.0,0.0,6793268374403374.0,1202.217960684702,199.89616054190816,633
0x06192f889f17bf2aff238d08d8c26cbcfcc7b45a,183,53,48,36,46,0,0.75,0.0,3.287158123221895e+17,2.7197812003917254e+17,1.1289551858117458e+17,1000
